,name,source,destination,line_id,runtime
0,1路上行,16560,803,1,2
1,1路上行,803,98730,1,2
2,1路上行,98730,14214,1,2
3,1路上行,14214,761,1,2
4,1路上行,761,750,1,2
5,1路上行,750,744,1,3
6,1路上行,744,730,1,3
7,1路上行,730,100201,1,3
8,1路上行,100201,1104,1,2
9,1路上行,1104,1148,1,2
10,1路上行,1148,3654,1,2
11,1路上行,3654,15343,1,3
12,1路上行,15343,22007,1,4
13,1路上行,22007,22011,1,2
14,1路上行,22011,23048,1,2
15,1路上行,23048,23058,1,1
16,1路上行,23058,23084,1,1
17,1路上行,23084,23114,1,2
18,1路上行,23114,27327,1,1
19,1路上行,27327,23133,1,1
20,1路上行,23133,27760,1,2
21,1路上行,27760,27810,1,2
22,1路上行,27810,27789,1,2
23,1路上行,27789,27711,1,2
24,1路上行,27711,27732,1,2
25,1路上行,27732,27698,1,1
26,1路上行,27698,23351,1,1
27,1路上行,23351,27676,1,1
28,1路下行,27675,27699,1,1
29,1路下行,27699,27733,1,1
30,1路下行,27733,27712,1,2
31,1路下行,27712,27790,1,2
32,1路下行,27790,27809,1,2
33,1路下行,27809,27761,1,1
34,1路下行,27761,23134,1,1
35,1路下行,23134,27328,1,2
36,1路下行,27328,23115,1,2
37,1路下行,23115,23085,1,2
38,1路下行,23085,23059,1,2
39,1路下行,23059,23046,1,2
40,1路下行,23046,22013,1,2
41,1路下行,22013,22008,1,2
42,1路下行,22008,3539,1,2
43,1路下行,3539,1129,1,2
44,1路下行,1129,1154,1,2
45,1路下行,1154,1105,1,2
46,1路下行,1105,98784,1,2
47,1路下行,98784,719,1,3
48,1路下行,719,736,1,2
49,1路下行,736,749,1,2
50,1路下行,749,764,1,2
51,1路下行,764,779,1,2
52,1路下行,779,787,1,2
53,1路下行,787,811,1,2
54,1路下行,811,818,1,2
55,1路下行,818,821,1,1
56,2路上行,7542,7527,2,6
57,2路上行,7527,7504,2,2
58,2路上行,7504,7485,2,2
59,2路上行,7485,21460,2,4
60,2路上行,21460,803,2,2
61,2路上行,803,98730,2,2
62,2路上行,98730,14214,2,2
63,2路上行,14214,761,2,2
64,2路上行,761,750,2,2
65,2路上行,750,744,2,2
66,2路上行,744,5155,2,2
67,2路上行,5155,5142,2,2
68,2路上行,5142,28139,2,2
69,2路上行,28139,28848,2,1
70,2路上行,28848,28845,2,2
71,2路上行,28845,2128,2,2
72,2路上行,2128,97825,2,1
73,2路上行,97825,14417,2,2
74,2路上行,14417,14423,2,2
75,2路上行,14423,97836,2,2
76,2路上行,97836,16772,2,3
77,2路上行,16772,2800,2,3
78,2路上行,2800,6855,2,2
79,2路上行,6855,6901,2,2
80,2路上行,6901,6854,2,2
81,2路上行,6854,6818,2,2
82,2路上行,6818,14495,2,2
83,2路下行,14497,6819,2,2
84,2路下行,6819,6884,2,2
85,2路下行,6884,6899,2,2
86,2路下行,6899,6856,2,2
87,2路下行,6856,2806,2,2
88,2路下行,2806,15547,2,2
89,2路下行,15547,97837,2,3
90,2路下行,97837,14424,2,3
91,2路下行,14424,2094,2,2
92,2路下行,2094,2104,2,3
93,2路下行,2104,2121,2,1
94,2路下行,2121,28842,2,2
95,2路下行,28842,28847,2,2
96,2路下行,28847,28140,2,2
97,2路下行,28140,5135,2,2
98,2路下行,5135,5149,2,2
99,2路下行,5149,736,2,2
100,2路下行,736,749,2,2
101,2路下行,749,764,2,2
102,2路下行,764,779,2,2
103,2路下行,779,787,2,2
104,2路下行,787,811,2,2
105,2路下行,811,21460,2,2
106,2路下行,21460,7487,2,3
107,2路下行,7487,7501,2,2
108,2路下行,7501,7528,2,2
109,2路下行,7528,7550,2,5
110,4路上行,34656,26552,4,2
111,4路上行,26552,60640,4,2
112,4路上行,60640,60669,4,2
113,4路上行,60669,25944,4,2
114,4路上行,25944,61091,4,2
115,4路上行,61091,61141,4,2
116,4路上行,61141,61175,4,3
117,4路上行,61175,60796,4,2
118,4路上行,60796,61439,4,2
119,4路上行,61439,61454,4,2
120,4路上行,61454,61478,4,2
121,4路上行,61478,61535,4,2
122,4路上行,61535,61561,4,2
123,4路上行,61561,61587,4,2
124,4路上行,61587,61601,4,2
125,4路上行,61601,61228,4,2
126,4路上行,61228,59148,4,2
127,4路上行,59148,59159,4,2
128,4路上行,59159,59162,4,2
129,4路上行,59162,57489,4,1
130,4路下行,57727,59160,4,3
131,4路下行,59160,59149,4,2
132,4路下行,59149,61229,4,2
133,4路下行,61229,61602,4,2
134,4路下行,61602,61588,4,2
135,4路下行,61588,61562,4,2
136,4路下行,61562,61534,4,2
137,4路下行,61534,61479,4,3
138,4路下行,61479,61455,4,2
139,4路下行,61455,61440,4,2
140,4路下行,61440,60795,4,2
141,4路下行,60795,61178,4,2
142,4路下行,61178,61142,4,3
143,4路下行,61142,61092,4,2
144,4路下行,61092,25945,4,2
145,4路下行,25945,60668,4,2
146,4路下行,60668,60641,4,2
147,4路下行,60641,26585,4,2
148,4路下行,26585,26564,4,2
149,4路下行,26564,34591,4,1
150,6路上行,17160,23712,6,2
151,6路上行,23712,23734,6,2
152,6路上行,23734,23747,6,2
153,6路上行,23747,23768,6,2
154,6路上行,23768,23788,6,2
155,6路上行,23788,23624,6,2
156,6路上行,23624,23645,6,3
157,6路上行,23645,23672,6,2
158,6路上行,23672,14689,6,2
159,6路上行,14689,23585,6,2
160,6路上行,23585,730,6,2
161,6路上行,730,98783,6,2
162,6路上行,98783,14622,6,3
163,6路上行,14622,23570,6,2
164,6路上行,23570,6622,6,2
165,6路上行,6622,6615,6,2
166,6路上行,6615,23539,6,2
167,6路上行,23539,23521,6,2
168,6路上行,23521,23469,6,1
169,6路上行,23469,23840,6,1
170,6路下行,23850,23851,6,2
171,6路下行,23851,23470,6,2
172,6路下行,23470,23520,6,2
173,6路下行,23520,23538,6,2
174,6路下行,23538,6607,6,2
175,6路下行,6607,6624,6,2
176,6路下行,6624,6655,6,2
177,6路下行,6655,14621,6,2
178,6路下行,14621,98784,6,2
179,6路下行,98784,719,6,2
180,6路下行,719,23584,6,2
181,6路下行,23584,14690,6,2
182,6路下行,14690,23673,6,2
183,6路下行,23673,23646,6,2
184,6路下行,23646,23625,6,2
185,6路下行,23625,23794,6,3
186,6路下行,23794,23761,6,3
187,6路下行,23761,23748,6,2
188,6路下行,23748,23735,6,2
189,6路下行,23735,23713,6,2
190,6路下行,23713,23836,6,2
191,8路上行,16560,56503,8,2
192,8路上行,56503,56485,8,2
193,8路上行,56485,41580,8,2
194,8路上行,41580,41683,8,2
195,8路上行,41683,99507,8,2
196,8路上行,99507,99495,8,2
197,8路上行,99495,99559,8,2
198,8路上行,99559,99488,8,2
199,8路上行,99488,99589,8,1
200,8路上行,99589,99630,8,2
201,8路上行,99630,99703,8,2
202,8路上行,99703,99672,8,2
203,8路上行,99672,99736,8,1
204,8路上行,99736,99794,8,1
205,8路下行,99796,99737,8,1
206,8路下行,99737,17160,8,1
207,8路下行,17160,99671,8,2
208,8路下行,99671,99702,8,2
209,8路下行,99702,99648,8,2
210,8路下行,99648,99594,8,2
211,8路下行,99594,99487,8,1
212,8路下行,99487,99561,8,2
213,8路下行,99561,99496,8,2
214,8路下行,99496,99508,8,2
215,8路下行,99508,41680,8,2
216,8路下行,41680,41579,8,2
217,8路下行,41579,56484,8,2
218,8路下行,56484,56512,8,2
219,8路下行,56512,818,8,2
220,8路下行,818,822,8,1
221,10路上行,56809,62368,10,1
222,10路上行,62368,46556,10,2
223,10路上行,46556,46589,10,2
224,10路上行,46589,46785,10,2
225,10路上行,46785,62520,10,2
226,10路上行,62520,62543,10,2
227,10路上行,62543,62779,10,2
228,10路上行,62779,62753,10,2
229,10路上行,62753,62765,10,3
230,10路上行,62765,62737,10,2
231,10路上行,62737,62729,10,2
232,10路上行,62729,6354,10,2
233,10路上行,6354,6363,10,2
234,10路上行,6363,6377,10,2
235,10路上行,6377,6387,10,2
236,10路上行,6387,6398,10,1
237,10路上行,6398,6409,10,2
238,10路上行,6409,2220,10,2
239,10路上行,2220,2226,10,2
240,10路上行,2226,2128,10,2
241,10路上行,2128,97825,10,1
242,10路上行,97825,2134,10,4
243,10路上行,2134,2074,10,2
244,10路上行,2074,2070,10,2
245,10路下行,2827,2073,10,2
246,10路下行,2073,2094,10,2
247,10路下行,2094,2104,10,4
248,10路下行,2104,2121,10,1
249,10路下行,2121,2229,10,2
250,10路下行,2229,3639,10,2
251,10路下行,3639,6408,10,2
252,10路下行,6408,6401,10,2
253,10路下行,6401,6388,10,2
254,10路下行,6388,6378,10,2
255,10路下行,6378,6362,10,2
256,10路下行,6362,62709,10,2
257,10路下行,62709,62728,10,2
258,10路下行,62728,59583,10,2
259,10路下行,59583,62764,10,2
260,10路下行,62764,62752,10,2
261,10路下行,62752,62778,10,2
262,10路下行,62778,62544,10,2
263,10路下行,62544,62521,10,2
264,10路下行,62521,46786,10,2
265,10路下行,46786,46588,10,2
266,10路下行,46588,62421,10,2
267,10路下行,62421,62369,10,2
268,10路下行,62369,56747,10,1
269,10路下行,56747,56821,10,1
270,15路上行,20259,20156,15,1
271,15路上行,20156,20189,15,2
272,15路上行,20189,20205,15,2
273,15路上行,20205,20217,15,2
274,15路上行,20217,20223,15,2
275,15路上行,20223,17848,15,2
276,15路上行,17848,17824,15,2
277,15路上行,17824,17809,15,3
278,15路上行,17809,16418,15,2
279,15路上行,16418,16432,15,2
280,15路上行,16432,2073,15,2
281,15路上行,2073,3809,15,2
282,15路上行,3809,4057,15,2
283,15路上行,4057,3780,15,2
284,15路上行,3780,3660,15,2
285,15路上行,3660,3647,15,2
286,15路上行,3647,3606,15,2
287,15路上行,3606,3585,15,2
288,15路上行,3585,3569,15,2
289,15路上行,3569,20724,15,2
290,15路上行,20724,20841,15,2
291,15路上行,20841,20878,15,2
292,15路上行,20878,20765,15,2
293,15路下行,20758,20879,15,2
294,15路下行,20879,20842,15,2
295,15路下行,20842,20726,15,2
296,15路下行,20726,3566,15,2
297,15路下行,3566,3584,15,2
298,15路下行,3584,3600,15,2
299,15路下行,3600,3612,15,2
300,15路下行,3612,3662,15,2
301,15路下行,3662,3779,15,2
302,15路下行,3779,4058,15,2
303,15路下行,4058,3810,15,3
304,15路下行,3810,2074,15,2
305,15路下行,2074,16433,15,2
306,15路下行,16433,16419,15,3
307,15路下行,16419,17808,15,2
308,15路下行,17808,17823,15,2
309,15路下行,17823,20224,15,2
310,15路下行,20224,20218,15,2
311,15路下行,20218,20206,15,2
312,15路下行,20206,20190,15,2
313,15路下行,20190,20260,15,2
314,16路上行,20493,20156,16,1
315,16路上行,20156,20189,16,2
316,16路上行,20189,20205,16,2
317,16路上行,20205,20217,16,2
318,16路上行,20217,20223,16,2
319,16路上行,20223,20481,16,2
320,16路上行,20481,20497,16,2
321,16路上行,20497,20512,16,2
322,16路上行,20512,20526,16,2
323,16路上行,20526,18041,16,2
324,16路上行,18041,20551,16,2
325,16路上行,20551,20566,16,2
326,16路上行,20566,20538,16,2
327,16路上行,20538,4997,16,2
328,16路上行,4997,5007,16,2
329,16路上行,5007,5063,16,2
330,16路上行,5063,5071,16,2
331,16路上行,5071,5086,16,2
332,16路上行,5086,5111,16,2
333,16路上行,5111,20595,16,2
334,16路上行,20595,102016,16,2
335,16路上行,102016,14621,16,2
336,16路上行,14621,702,16,2
337,16路下行,693,102017,16,2
338,16路下行,102017,20596,16,2
339,16路下行,20596,5110,16,2
340,16路下行,5110,5087,16,2
341,16路下行,5087,5072,16,2
342,16路下行,5072,5064,16,2
343,16路下行,5064,5058,16,2
344,16路下行,5058,4998,16,2
345,16路下行,4998,20537,16,2
346,16路下行,20537,20531,16,2
347,16路下行,20531,20552,16,4
348,16路下行,20552,18040,16,2
349,16路下行,18040,18053,16,2
350,16路下行,18053,20511,16,2
351,16路下行,20511,20498,16,2
352,16路下行,20498,26782,16,2
353,16路下行,26782,20224,16,2
354,16路下行,20224,20218,16,2
355,16路下行,20218,20206,16,2
356,16路下行,20206,20190,16,2
357,16路下行,20190,20492,16,2
358,17路上行,57727,59160,17,2
359,17路上行,59160,59149,17,2
360,17路上行,59149,64388,17,2
361,17路上行,64388,61998,17,2
362,17路上行,61998,62049,17,2
363,17路上行,62049,62077,17,2
364,17路上行,62077,27712,17,2
365,17路上行,27712,27790,17,2
366,17路上行,27790,62996,17,2
367,17路上行,62996,63006,17,2
368,17路上行,63006,63562,17,2
369,17路上行,63562,63602,17,2
370,17路上行,63602,63674,17,2
371,17路上行,63674,63712,17,2
372,17路上行,63712,63739,17,2
373,17路上行,63739,63779,17,2
374,17路上行,63779,63825,17,2
375,17路上行,63825,63846,17,2
376,17路上行,63846,63970,17,2
377,17路上行,63970,64009,17,2
378,17路上行,64009,64064,17,2
379,17路上行,64064,64103,17,2
380,17路上行,64103,64126,17,2
381,17路上行,64126,64160,17,2
382,17路上行,64160,64255,17,2
383,17路上行,64255,64272,17,2
384,17路上行,64272,63214,17,2
385,17路上行,63214,60210,17,2
386,17路上行,60210,64367,17,2
387,17路上行,64367,64356,17,2
388,17路上行,64356,58251,17,2
389,17路上行,58251,58225,17,2
390,17路上行,58225,58210,17,1
391,17路下行,58204,58252,17,2
392,17路下行,58252,64355,17,2
393,17路下行,64355,64366,17,2
394,17路下行,64366,60211,17,2
395,17路下行,60211,63213,17,2
396,17路下行,63213,64271,17,2
397,17路下行,64271,64254,17,2
398,17路下行,64254,64159,17,2
399,17路下行,64159,64125,17,2
400,17路下行,64125,64104,17,2
401,17路下行,64104,64063,17,2
402,17路下行,64063,64008,17,2
403,17路下行,64008,63969,17,2
404,17路下行,63969,63845,17,2
405,17路下行,63845,63824,17,2
406,17路下行,63824,63780,17,2
407,17路下行,63780,63740,17,2
408,17路下行,63740,63713,17,2
409,17路下行,63713,63673,17,2
410,17路下行,63673,63601,17,2
411,17路下行,63601,63563,17,2
412,17路下行,63563,63007,17,2
413,17路下行,63007,62997,17,2
414,17路下行,62997,27789,17,2
415,17路下行,27789,27711,17,2
416,17路下行,27711,62076,17,2
417,17路下行,62076,62050,17,2
418,17路下行,62050,62011,17,2
419,17路下行,62011,64389,17,2
420,17路下行,64389,59148,17,2
421,17路下行,59148,59159,17,2
422,17路下行,59159,59162,17,2
423,17路下行,59162,57480,17,1
424,25路上行,2708,2766,25,2
425,25路上行,2766,61828,25,2
426,25路上行,61828,61840,25,2
427,25路上行,61840,6901,25,2
428,25路上行,6901,6854,25,2
429,25路上行,6854,6818,25,2
430,25路上行,6818,52661,25,2
431,25路上行,52661,52690,25,2
432,25路上行,52690,52698,25,2
433,25路上行,52698,61048,25,2
434,25路上行,61048,61053,25,2
435,25路上行,61053,61091,25,2
436,25路上行,61091,61141,25,2
437,25路上行,61141,61175,25,2
438,25路上行,61175,61854,25,2
439,25路上行,61854,61886,25,2
440,25路上行,61886,61902,25,2
441,25路上行,61902,61915,25,2
442,25路上行,61915,60914,25,2
443,25路下行,60933,61914,25,2
444,25路下行,61914,61901,25,2
445,25路下行,61901,61885,25,2
446,25路下行,61885,61855,25,2
447,25路下行,61855,61178,25,2
448,25路下行,61178,61142,25,2
449,25路下行,61142,61092,25,2
450,25路下行,61092,61054,25,2
451,25路下行,61054,61049,25,2
452,25路下行,61049,52699,25,2
453,25路下行,52699,52691,25,2
454,25路下行,52691,52660,25,2
455,25路下行,52660,6819,25,2
456,25路下行,6819,6884,25,2
457,25路下行,6884,6899,25,2
458,25路下行,6899,61839,25,2
459,25路下行,61839,61829,25,2
460,25路下行,61829,2769,25,2
461,25路下行,2769,2714,25,2
462,30路上行,16500,16483,30,2
463,30路上行,16483,17808,30,2
464,30路上行,17808,17823,30,3
465,30路上行,17823,20470,30,2
466,30路上行,20470,20481,30,2
467,30路上行,20481,18198,30,2
468,30路上行,18198,18245,30,2
469,30路上行,18245,25960,30,2
470,30路上行,25960,25992,30,2
471,30路上行,25992,25997,30,1
472,30路上行,25997,2741,30,2
473,30路上行,2741,26648,30,2
474,30路上行,26648,26662,30,2
475,30路上行,26662,26686,30,2
476,30路上行,26686,26742,30,2
477,30路上行,26742,26756,30,2
478,30路上行,26756,26770,30,2
479,30路上行,26770,25577,30,2
480,30路上行,25577,26273,30,2
481,30路上行,26273,26524,30,2
482,30路上行,26524,26602,30,2
483,30路上行,26602,26585,30,2
484,30路上行,26585,26564,30,2
485,30路上行,26564,34592,30,1
486,30路下行,34658,26552,30,1
487,30路下行,26552,26576,30,2
488,30路下行,26576,26608,30,2
489,30路下行,26608,26523,30,2
490,30路下行,26523,26272,30,2
491,30路下行,26272,25578,30,2
492,30路下行,25578,26771,30,2
493,30路下行,26771,26757,30,2
494,30路下行,26757,26743,30,2
495,30路下行,26743,26687,30,2
496,30路下行,26687,26663,30,2
497,30路下行,26663,26649,30,2
498,30路下行,26649,2758,30,2
499,30路下行,2758,25998,30,2
500,30路下行,25998,25993,30,2
501,30路下行,25993,25959,30,2
502,30路下行,25959,18246,30,2
503,30路下行,18246,18220,30,2
504,30路下行,18220,26782,30,2
505,30路下行,26782,17848,30,2
506,30路下行,17848,17824,30,2
507,30路下行,17824,17809,30,3
508,30路下行,17809,16482,30,2
509,30路下行,16482,16852,30,2
510,30路下行,16852,17779,30,1
511,43路上行,17984,41392,43,2
512,43路上行,41392,41507,43,2
513,43路上行,41507,41519,43,2
514,43路上行,41519,41458,43,2
515,43路上行,41458,17763,43,2
516,43路上行,17763,17743,43,2
517,43路上行,17743,787,43,2
518,43路上行,787,811,43,2
519,43路上行,811,7487,43,2
520,43路上行,7487,7501,43,2
521,43路上行,7501,41580,43,2
522,43路上行,41580,41683,43,2
523,43路上行,41683,41673,43,2
524,43路上行,41673,41701,43,2
525,43路上行,41701,41712,43,2
526,43路上行,41712,41721,43,2
527,43路上行,41721,41631,43,2
528,43路上行,41631,41619,43,2
529,43路上行,41619,41749,43,2
530,43路下行,41748,41618,43,2
531,43路下行,41618,41630,43,2
532,43路下行,41630,41722,43,2
533,43路下行,41722,41713,43,2
534,43路下行,41713,41700,43,2
535,43路下行,41700,41680,43,2
536,43路下行,41680,41579,43,2
537,43路下行,41579,7504,43,2
538,43路下行,7504,7485,43,2
539,43路下行,7485,803,43,2
540,43路下行,803,98730,43,2
541,43路下行,98730,17742,43,2
542,43路下行,17742,17760,43,2
543,43路下行,17760,41457,43,2
544,43路下行,41457,41518,43,2
545,43路下行,41518,41506,43,2
546,43路下行,41506,41394,43,2
547,43路下行,41394,4989,43,2
548,43路下行,4989,17995,43,1
549,47路上行,34659,26552,47,1
550,47路上行,26552,26576,47,2
551,47路上行,26576,26608,47,2
552,47路上行,26608,26523,47,2
553,47路上行,26523,26272,47,2
554,47路上行,26272,27134,47,2
555,47路上行,27134,55954,47,2
556,47路上行,55954,56077,47,2
557,47路上行,56077,56040,47,2
558,47路上行,56040,55998,47,2
559,47路上行,55998,23470,47,2
560,47路上行,23470,23520,47,2
561,47路上行,23520,6565,47,2
562,47路上行,6565,3660,47,2
563,47路上行,3660,3647,47,2
564,47路上行,3647,3606,47,2
565,47路上行,3606,6669,47,2
566,47路上行,6669,5124,47,2
567,47路上行,5124,5110,47,2
568,47路上行,5110,56370,47,2
569,47路上行,56370,56384,47,2
570,47路上行,56384,56404,47,2
571,47路上行,56404,56422,47,2
572,47路上行,56422,56446,47,2
573,47路上行,56446,56571,47,2
574,47路上行,56571,56560,47,2
575,47路上行,56560,56546,47,2
576,47路上行,56546,56503,47,2
577,47路上行,56503,56485,47,2
578,47路上行,56485,56113,47,2
579,47路上行,56113,7528,47,2
580,47路上行,7528,56110,47,1
581,47路下行,7527,56112,47,2
582,47路下行,56112,56484,47,2
583,47路下行,56484,56502,47,2
584,47路下行,56502,56545,47,2
585,47路下行,56545,56559,47,2
586,47路下行,56559,56570,47,2
587,47路下行,56570,56445,47,2
588,47路下行,56445,56421,47,2
589,47路下行,56421,56403,47,2
590,47路下行,56403,56382,47,2
591,47路下行,56382,56371,47,2
592,47路下行,56371,5111,47,2
593,47路下行,5111,56104,47,2
594,47路下行,56104,6666,47,2
595,47路下行,6666,3600,47,2
596,47路下行,3600,3612,47,2
597,47路下行,3612,3662,47,2
598,47路下行,3662,6562,47,2
599,47路下行,6562,23521,47,2
600,47路下行,23521,23469,47,2
601,47路下行,23469,55999,47,2
602,47路下行,55999,56039,47,2
603,47路下行,56039,56078,47,2
604,47路下行,56078,55955,47,2
605,47路下行,55955,27145,47,2
606,47路下行,27145,26273,47,2
607,47路下行,26273,26524,47,2
608,47路下行,26524,26602,47,2
609,47路下行,26602,26585,47,2
610,47路下行,26585,26564,47,2
611,47路下行,26564,34593,47,1
612,53路上行,17160,17288,53,2
613,53路上行,17288,17337,53,2
614,53路上行,17337,17708,53,2
615,53路上行,17708,17353,53,2
616,53路上行,17353,17610,53,2
617,53路上行,17610,17626,53,2
618,53路上行,17626,17657,53,2
619,53路上行,17657,17692,53,2
620,53路上行,17692,17742,53,2
621,53路上行,17742,17760,53,2
622,53路上行,17760,16148,53,2
623,53路上行,16148,16134,53,2
624,53路上行,16134,16116,53,2
625,53路上行,16116,16078,53,2
626,53路上行,16078,16501,53,2
627,53路上行,16501,16483,53,3
628,53路上行,16483,16418,53,2
629,53路上行,16418,16432,53,2
630,53路上行,16432,2814,53,1
631,53路下行,2058,16433,53,1
632,53路下行,16433,16419,53,3
633,53路下行,16419,16482,53,2
634,53路下行,16482,16500,53,2
635,53路下行,16500,16077,53,2
636,53路下行,16077,16115,53,2
637,53路下行,16115,16133,53,2
638,53路下行,16133,16147,53,2
639,53路下行,16147,17763,53,2
640,53路下行,17763,17743,53,2
641,53路下行,17743,17693,53,2
642,53路下行,17693,17792,53,2
643,53路下行,17792,17656,53,2
644,53路下行,17656,17627,53,2
645,53路下行,17627,17611,53,2
646,53路下行,17611,17354,53,2
647,53路下行,17354,17709,53,2
648,53路下行,17709,17339,53,2
649,53路下行,17339,17295,53,2
650,53路下行,17295,17737,53,2
651,57路上行,45226,45056,57,2
652,57路上行,45056,45026,57,2
653,57路上行,45026,5425,57,2
654,57路上行,5425,5403,57,2
655,57路上行,5403,5436,57,2
656,57路上行,5436,5365,57,2
657,57路上行,5365,98730,57,2
658,57路上行,98730,14214,57,2
659,57路上行,14214,93140,57,2
660,57路上行,93140,5181,57,2
661,57路上行,5181,5197,57,2
662,57路上行,5197,5168,57,2
663,57路上行,5168,14768,57,2
664,57路上行,14768,14777,57,2
665,57路上行,14777,15198,57,2
666,57路上行,15198,15238,57,2
667,57路上行,15238,56857,57,2
668,57路上行,56857,56935,57,2
669,57路上行,56935,56922,57,2
670,57路上行,56922,56911,57,2
671,57路上行,56911,56900,57,2
672,57路上行,56900,56747,57,2
673,57路上行,56747,56822,57,1
674,57路下行,56810,56901,57,2
675,57路下行,56901,56910,57,2
676,57路下行,56910,56923,57,2
677,57路下行,56923,56934,57,2
678,57路下行,56934,56858,57,2
679,57路下行,56858,15237,57,2
680,57路下行,15237,15199,57,2
681,57路下行,15199,14778,57,2
682,57路下行,14778,5214,57,2
683,57路下行,5214,5167,57,2
684,57路下行,5167,5204,57,2
685,57路下行,5204,5183,57,2
686,57路下行,5183,764,57,2
687,57路下行,764,779,57,2
688,57路下行,779,787,57,2
689,57路下行,787,5358,57,2
690,57路下行,5358,5437,57,2
691,57路下行,5437,5396,57,2
692,57路下行,5396,27120,57,2
693,57路下行,27120,45024,57,2
694,57路下行,45024,45057,57,2
695,57路下行,45057,45217,57,2
696,57路下行,45217,45222,57,1
697,64路上行,20763,27015,64,2
698,64路上行,27015,27280,64,2
699,64路上行,27280,27270,64,2
700,64路上行,27270,27250,64,2
701,64路上行,27250,27232,64,2
702,64路上行,27232,27224,64,2
703,64路上行,27224,14571,64,2
704,64路上行,14571,26792,64,2
705,64路上行,26792,26919,64,2
706,64路上行,26919,26940,64,2
707,64路上行,26940,26955,64,2
708,64路上行,26955,26976,64,2
709,64路上行,26976,27164,64,2
710,64路上行,27164,25596,64,2
711,64路上行,25596,25577,64,2
712,64路上行,25577,25803,64,2
713,64路上行,25803,25847,64,2
714,64路上行,25847,60763,64,2
715,64路上行,60763,60779,64,2
716,64路上行,60779,60795,64,2
717,64路上行,60795,60822,64,2
718,64路上行,60822,60853,64,2
719,64路上行,60853,60883,64,2
720,64路上行,60883,60900,64,2
721,64路下行,60932,60884,64,2
722,64路下行,60884,60854,64,2
723,64路下行,60854,60823,64,2
724,64路下行,60823,60796,64,2
725,64路下行,60796,60780,64,2
726,64路下行,60780,60764,64,2
727,64路下行,60764,25874,64,2
728,64路下行,25874,25820,64,2
729,64路下行,25820,25578,64,2
730,64路下行,25578,25595,64,2
731,64路下行,25595,27163,64,2
732,64路下行,27163,26973,64,2
733,64路下行,26973,26958,64,2
734,64路下行,26958,26941,64,2
735,64路下行,26941,26920,64,2
736,64路下行,26920,26793,64,2
737,64路下行,26793,14572,64,2
738,64路下行,14572,27223,64,2
739,64路下行,27223,27233,64,2
740,64路下行,27233,27251,64,2
741,64路下行,27251,27269,64,2
742,64路下行,27269,27277,64,2
743,64路下行,27277,27016,64,2
744,64路下行,27016,20768,64,2
745,70路上行,24271,24737,70,2
746,70路上行,24737,24750,70,2
747,70路上行,24750,24674,70,2
748,70路上行,24674,24645,70,2
749,70路上行,24645,24595,70,2
750,70路上行,24595,24564,70,2
751,70路上行,24564,24529,70,2
752,70路上行,24529,16482,70,2
753,70路上行,16482,16500,70,2
754,70路上行,16500,16077,70,2
755,70路上行,16077,16115,70,2
756,70路上行,16115,16133,70,2
757,70路上行,16133,16147,70,2
758,70路上行,16147,59521,70,2
759,70路上行,59521,59537,70,2
760,70路上行,59537,59548,70,2
761,70路上行,59548,5181,70,2
762,70路上行,5181,5197,70,2
763,70路上行,5197,5168,70,2
764,70路上行,5168,5456,70,2
765,70路下行,5027,5214,70,1
766,70路下行,5214,5167,70,2
767,70路下行,5167,5204,70,2
768,70路下行,5204,5183,70,2
769,70路下行,5183,59549,70,2
770,70路下行,59549,59534,70,2
771,70路下行,59534,59519,70,2
772,70路下行,59519,16148,70,2
773,70路下行,16148,16134,70,2
774,70路下行,16134,16116,70,2
775,70路下行,16116,16078,70,2
776,70路下行,16078,16501,70,2
777,70路下行,16501,16483,70,3
778,70路下行,16483,24530,70,2
779,70路下行,24530,24563,70,2
780,70路下行,24563,24594,70,2
781,70路下行,24594,24646,70,2
782,70路下行,24646,24672,70,2
783,70路下行,24672,24751,70,2
784,70路下行,24751,24738,70,2
785,70路下行,24738,24296,70,2
786,72路上行,97424,97507,72,2
787,72路上行,97507,60669,72,2
788,72路上行,60669,25944,72,2
789,72路上行,25944,61054,72,2
790,72路上行,61054,61049,72,2
791,72路上行,61049,52699,72,2
792,72路上行,52699,97552,72,2
793,72路上行,97552,55954,72,2
794,72路上行,55954,97566,72,2
795,72路上行,97566,26687,72,2
796,72路上行,26687,97586,72,2
797,72路上行,97586,97596,72,2
798,72路上行,97596,4057,72,2
799,72路上行,4057,6719,72,2
800,72路上行,6719,63055,72,2
801,72路上行,63055,5063,72,2
802,72路上行,5063,5071,72,2
803,72路上行,5071,5086,72,2
804,72路上行,5086,5111,72,2
805,72路上行,5111,56384,72,2
806,72路上行,56384,59519,72,2
807,72路上行,59519,17763,72,2
808,72路上行,17763,17743,72,2
809,72路上行,17743,787,72,2
810,72路上行,787,811,72,2
811,72路上行,811,818,72,2
812,72路上行,818,21379,72,1
813,72路下行,21426,803,72,2
814,72路下行,803,98730,72,2
815,72路下行,98730,17742,72,2
816,72路下行,17742,17760,72,2
817,72路下行,17760,59521,72,2
818,72路下行,59521,56382,72,2
819,72路下行,56382,5110,72,2
820,72路下行,5110,5087,72,2
821,72路下行,5087,5072,72,2
822,72路下行,5072,5064,72,2
823,72路下行,5064,41851,72,2
824,72路下行,41851,63061,72,2
825,72路下行,63061,4058,72,2
826,72路下行,4058,97598,72,2
827,72路下行,97598,97587,72,2
828,72路下行,97587,26686,72,2
829,72路下行,26686,97564,72,2
830,72路下行,97564,6787,72,2
831,72路下行,6787,97551,72,2
832,72路下行,97551,52698,72,2
833,72路下行,52698,61048,72,2
834,72路下行,61048,61053,72,2
835,72路下行,61053,25945,72,2
836,72路下行,25945,60668,72,2
837,72路下行,60668,97506,72,2
838,72路下行,97506,97439,72,2
839,74路上行,24270,24737,74,2
840,74路上行,24737,24750,74,2
841,74路上行,24750,24674,74,2
842,74路上行,24674,24645,74,2
843,74路上行,24645,24595,74,2
844,74路上行,24595,24564,74,2
845,74路上行,24564,24529,74,2
846,74路上行,24529,16418,74,2
847,74路上行,16418,16432,74,2
848,74路上行,16432,2073,74,2
849,74路上行,2073,3809,74,2
850,74路上行,3809,25703,74,2
851,74路上行,25703,25719,74,2
852,74路上行,25719,25729,74,2
853,74路上行,25729,25785,74,2
854,74路上行,25785,25596,74,2
855,74路上行,25596,25577,74,2
856,74路上行,25577,25803,74,2
857,74路上行,25803,25847,74,2
858,74路上行,25847,25889,74,2
859,74路上行,25889,25945,74,2
860,74路上行,25945,25920,74,2
861,74路上行,25920,25928,74,2
862,74路上行,25928,25908,74,2
863,74路下行,25909,25919,74,2
864,74路下行,25919,25944,74,2
865,74路下行,25944,25890,74,2
866,74路下行,25890,25874,74,2
867,74路下行,25874,25820,74,2
868,74路下行,25820,25578,74,2
869,74路下行,25578,25595,74,2
870,74路下行,25595,25786,74,2
871,74路下行,25786,25734,74,2
872,74路下行,25734,25720,74,2
873,74路下行,25720,25704,74,2
874,74路下行,25704,3810,74,2
875,74路下行,3810,2074,74,2
876,74路下行,2074,16433,74,2
877,74路下行,16433,16419,74,2
878,74路下行,16419,24530,74,2
879,74路下行,24530,24563,74,2
880,74路下行,24563,24594,74,2
881,74路下行,24594,24646,74,2
882,74路下行,24646,24672,74,2
883,74路下行,24672,24751,74,2
884,74路下行,24751,24738,74,2
885,74路下行,24738,24295,74,2
886,78路上行,62105,27699,78,1
887,78路上行,27699,27733,78,2
888,78路上行,27733,64509,78,2
889,78路上行,64509,64499,78,2
890,78路上行,64499,63013,78,2
891,78路上行,63013,63562,78,2
892,78路上行,63562,63602,78,2
893,78路上行,63602,63674,78,2
894,78路上行,63674,63712,78,2
895,78路上行,63712,63739,78,2
896,78路上行,63739,63779,78,2
897,78路上行,63779,63825,78,2
898,78路上行,63825,63846,78,2
899,78路上行,63846,64598,78,2
900,78路上行,64598,60087,78,2
901,78路上行,60087,60105,78,2
902,78路上行,60105,64677,78,2
903,78路上行,64677,64666,78,2
904,78路上行,64666,64656,78,2
905,78路上行,64656,64646,78,2
906,78路上行,64646,64636,78,2
907,78路上行,64636,64625,78,2
908,78路下行,60200,64635,78,2
909,78路下行,64635,64645,78,2
910,78路下行,64645,64655,78,2
911,78路下行,64655,64665,78,2
912,78路下行,64665,64675,78,2
913,78路下行,64675,64689,78,2
914,78路下行,64689,64614,78,2
915,78路下行,64614,64599,78,2
916,78路下行,64599,63845,78,2
917,78路下行,63845,63824,78,2
918,78路下行,63824,63780,78,2
919,78路下行,63780,63740,78,2
920,78路下行,63740,63713,78,2
921,78路下行,63713,63673,78,2
922,78路下行,63673,63601,78,2
923,78路下行,63601,63563,78,2
924,78路下行,63563,63012,78,2
925,78路下行,63012,64498,78,2
926,78路下行,64498,64508,78,2
927,78路下行,64508,27732,78,2
928,78路下行,27732,27698,78,2
929,78路下行,27698,23351,78,1
930,78路下行,23351,27680,78,1
931,78路下行,27680,62116,78,1
932,82路上行,17160,23712,82,2
933,82路上行,23712,62803,82,2
934,82路上行,62803,15238,82,2
935,82路上行,15238,56857,82,2
936,82路上行,56857,56935,82,2
937,82路上行,56935,56922,82,2
938,82路上行,56922,56911,82,2
939,82路上行,56911,56900,82,2
940,82路上行,56900,62349,82,2
941,82路上行,62349,62368,82,1
942,82路上行,62368,62428,82,2
943,82路上行,62428,62462,82,2
944,82路上行,62462,46500,82,2
945,82路上行,46500,62820,82,2
946,82路上行,62820,62779,82,2
947,82路上行,62779,62753,82,2
948,82路上行,62753,62765,82,2
949,82路上行,62765,59633,82,2
950,82路上行,59633,59713,82,2
951,82路上行,59713,59760,82,2
952,82路上行,59760,62864,82,2
953,82路上行,62864,23084,82,2
954,82路上行,23084,23114,82,2
955,82路上行,23114,27327,82,2
956,82路上行,27327,23133,82,2
957,82路上行,23133,27760,82,2
958,82路上行,27760,27810,82,2
959,82路上行,27810,27789,82,2
960,82路上行,27789,27711,82,2
961,82路上行,27711,27732,82,2
962,82路上行,27732,27698,82,2
963,82路上行,27698,23351,82,1
964,82路上行,23351,27680,82,1
965,82路上行,27680,62117,82,1
966,82路下行,62106,27699,82,1
967,82路下行,27699,27733,82,2
968,82路下行,27733,27712,82,2
969,82路下行,27712,27790,82,2
970,82路下行,27790,27809,82,2
971,82路下行,27809,27761,82,2
972,82路下行,27761,23134,82,2
973,82路下行,23134,27328,82,2
974,82路下行,27328,23115,82,2
975,82路下行,23115,23085,82,2
976,82路下行,23085,62863,82,2
977,82路下行,62863,59761,82,2
978,82路下行,59761,59712,82,2
979,82路下行,59712,59634,82,2
980,82路下行,59634,62764,82,2
981,82路下行,62764,62752,82,2
982,82路下行,62752,62778,82,2
983,82路下行,62778,62821,82,2
984,82路下行,62821,46502,82,2
985,82路下行,46502,62463,82,2
986,82路下行,62463,62429,82,2
987,82路下行,62429,62369,82,2
988,82路下行,62369,62350,82,1
989,82路下行,62350,56901,82,2
990,82路下行,56901,56910,82,2
991,82路下行,56910,56923,82,2
992,82路下行,56923,56934,82,2
993,82路下行,56934,56858,82,2
994,82路下行,56858,15237,82,2
995,82路下行,15237,62802,82,2
996,82路下行,62802,23713,82,2
997,82路下行,23713,62794,82,2
998,83路上行,99928,99487,83,1
999,83路上行,99487,99561,83,2
1000,83路上行,99561,99496,83,2
1001,83路上行,99496,98049,83,2
1002,83路上行,98049,100060,83,2
1003,83路上行,100060,56512,83,2
1004,83路上行,56512,21446,83,2
1005,83路上行,21446,100073,83,2
1006,83路上行,100073,5396,83,2
1007,83路上行,5396,16116,83,2
1008,83路上行,16116,16078,83,2
1009,83路上行,16078,16501,83,2
1010,83路上行,16501,16483,83,2
1011,83路上行,16483,17808,83,2
1012,83路上行,17808,17823,83,3
1013,83路上行,17823,17826,83,2
1014,83路下行,17848,17824,83,2
1015,83路下行,17824,17809,83,3
1016,83路下行,17809,16482,83,2
1017,83路下行,16482,16500,83,2
1018,83路下行,16500,16077,83,2
1019,83路下行,16077,16115,83,2
1020,83路下行,16115,5403,83,2
1021,83路下行,5403,100074,83,2
1022,83路下行,100074,21446,83,2
1023,83路下行,21446,100025,83,2
1024,83路下行,100025,100062,83,2
1025,83路下行,100062,98048,83,2
1026,83路下行,98048,99495,83,2
1027,83路下行,99495,99559,83,2
1028,83路下行,99559,99488,83,2
1029,83路下行,99488,99913,83,1
1030,91路上行,26070,26145,91,1
1031,91路上行,26145,26140,91,2
1032,91路上行,26140,26131,91,1
1033,91路上行,26131,26197,91,2
1034,91路上行,26197,20566,91,2
1035,91路上行,20566,20538,91,2
1036,91路上行,20538,4997,91,2
1037,91路上行,4997,5007,91,2
1038,91路上行,5007,6965,91,2
1039,91路上行,6965,2141,91,2
1040,91路上行,2141,2134,91,2
1041,91路上行,2134,2725,91,2
1042,91路上行,2725,2800,91,2
1043,91路上行,2800,6855,91,2
1044,91路上行,6855,6901,91,2
1045,91路上行,6901,6854,91,2
1046,91路上行,6854,6818,91,2
1047,91路上行,6818,6787,91,2
1048,91路上行,6787,6999,91,1
1049,91路上行,6999,27295,91,1
1050,91路下行,27297,6788,91,2
1051,91路下行,6788,6819,91,2
1052,91路下行,6819,6884,91,2
1053,91路下行,6884,6899,91,2
1054,91路下行,6899,6856,91,2
1055,91路下行,6856,2806,91,2
1056,91路下行,2806,2734,91,2
1057,91路下行,2734,2094,91,2
1058,91路下行,2094,6944,91,2
1059,91路下行,6944,6966,91,2
1060,91路下行,6966,5058,91,2
1061,91路下行,5058,4998,91,2
1062,91路下行,4998,20537,91,2
1063,91路下行,20537,20531,91,2
1064,91路下行,20531,26198,91,2
1065,91路下行,26198,16852,91,2
1066,91路下行,16852,26141,91,1
1067,91路下行,26141,26144,91,1
1068,91路下行,26144,26192,91,1
1069,99路上行,15343,22007,99,2
1070,99路上行,22007,22011,99,2
1071,99路上行,22011,59583,99,2
1072,99路上行,59583,59633,99,2
1073,99路上行,59633,59713,99,2
1074,99路上行,59713,59760,99,2
1075,99路上行,59760,59835,99,2
1076,99路上行,59835,59885,99,2
1077,99路上行,59885,59980,99,2
1078,99路上行,59980,60024,99,2
1079,99路上行,60024,60001,99,2
1080,99路上行,60001,60037,99,2
1081,99路上行,60037,60053,99,2
1082,99路上行,60053,60066,99,2
1083,99路上行,60066,60081,99,2
1084,99路下行,60087,60105,99,2
1085,99路下行,60105,60060,99,2
1086,99路下行,60060,60052,99,2
1087,99路下行,60052,60040,99,2
1088,99路下行,60040,60002,99,2
1089,99路下行,60002,60023,99,2
1090,99路下行,60023,59981,99,2
1091,99路下行,59981,59886,99,2
1092,99路下行,59886,59836,99,2
1093,99路下行,59836,59761,99,2
1094,99路下行,59761,59712,99,2
1095,99路下行,59712,59634,99,2
1096,99路下行,59634,59584,99,2
1097,99路下行,59584,22013,99,2
1098,99路下行,22013,22008,99,2
1099,99路下行,22008,98305,99,2
1100,101路,17848,17824,101,2
1101,101路,17824,17809,101,3
1102,101路,17809,16482,101,2
1103,101路,16482,16500,101,2
1104,101路,16500,16077,101,2
1105,101路,16077,16115,101,2
1106,101路,16115,16133,101,2
1107,101路,16133,16147,101,2
1108,101路,16147,17763,101,2
1109,101路,17763,27851,101,2
1110,101路,27851,27865,101,2
1111,101路,27865,93140,101,2
1112,101路,93140,750,101,2
1113,101路,750,744,101,2
1114,101路,744,5155,101,2
1115,101路,5155,5142,101,2
1116,101路,5142,28139,101,2
1117,101路,28139,28848,101,2
1118,101路,28848,28845,101,2
1119,101路,28845,2128,101,2
1120,101路,2128,2141,101,2
1121,101路,2141,27925,101,2
1122,101路,27925,16825,101,2
1123,101路,16825,2074,101,2
1124,101路,2074,16433,101,2
1125,101路,16433,16419,101,2
1126,101路,16419,17808,101,2
1127,101路,17808,17823,101,3
1128,101路,17823,17841,101,2
1129,102路,17848,17824,102,2
1130,102路,17824,17809,102,3
1131,102路,17809,16418,102,2
1132,102路,16418,16432,102,2
1133,102路,16432,2073,102,2
1134,102路,2073,27940,102,2
1135,102路,27940,27927,102,2
1136,102路,27927,2104,102,2
1137,102路,2104,2121,102,2
1138,102路,2121,28842,102,2
1139,102路,28842,28847,102,2
1140,102路,28847,28140,102,2
1141,102路,28140,5135,102,2
1142,102路,5135,5149,102,2
1143,102路,5149,736,102,2
1144,102路,736,749,102,2
1145,102路,749,764,102,2
1146,102路,764,27866,102,2
1147,102路,27866,27852,102,2
1148,102路,27852,17760,102,2
1149,102路,17760,16148,102,2
1150,102路,16148,16134,102,2
1151,102路,16134,16116,102,2
1152,102路,16116,16078,102,2
1153,102路,16078,16501,102,2
1154,102路,16501,16483,102,2
1155,102路,16483,17808,102,2
1156,102路,17808,17823,102,3
1157,102路,17823,17840,102,2
1158,106路上行,56811,62368,106,1
1159,106路上行,62368,62428,106,2
1160,106路上行,62428,62462,106,2
1161,106路上行,62462,62520,106,2
1162,106路上行,62520,62543,106,2
1163,106路上行,62543,62779,106,2
1164,106路上行,62779,62753,106,2
1165,106路上行,62753,62765,106,2
1166,106路上行,62765,59633,106,2
1167,106路上行,59633,59713,106,2
1168,106路上行,59713,59760,106,2
1169,106路上行,59760,59835,106,2
1170,106路上行,59835,59885,106,2
1171,106路上行,59885,59980,106,2
1172,106路上行,59980,60024,106,2
1173,106路上行,60024,63713,106,2
1174,106路上行,63713,63673,106,2
1175,106路上行,63673,63601,106,2
1176,106路上行,63601,63563,106,2
1177,106路上行,63563,63012,106,2
1178,106路上行,63012,64498,106,2
1179,106路上行,64498,64508,106,2
1180,106路上行,64508,27732,106,2
1181,106路上行,27732,27698,106,2
1182,106路上行,27698,23351,106,1
1183,106路上行,23351,64524,106,2
1184,106路上行,64524,64534,106,2
1185,106路上行,64534,64548,106,2
1186,106路上行,64548,59162,106,1
1187,106路上行,59162,57488,106,1
1188,106路下行,57728,64549,106,2
1189,106路下行,64549,64535,106,2
1190,106路下行,64535,64525,106,2
1191,106路下行,64525,62703,106,2
1192,106路下行,62703,27699,106,1
1193,106路下行,27699,27733,106,2
1194,106路下行,27733,64509,106,2
1195,106路下行,64509,64499,106,2
1196,106路下行,64499,63013,106,2
1197,106路下行,63013,63562,106,2
1198,106路下行,63562,63602,106,2
1199,106路下行,63602,63674,106,2
1200,106路下行,63674,63712,106,2
1201,106路下行,63712,60023,106,2
1202,106路下行,60023,59981,106,2
1203,106路下行,59981,59886,106,2
1204,106路下行,59886,59836,106,2
1205,106路下行,59836,59761,106,2
1206,106路下行,59761,59712,106,2
1207,106路下行,59712,59634,106,2
1208,106路下行,59634,62764,106,2
1209,106路下行,62764,62752,106,2
1210,106路下行,62752,62778,106,2
1211,106路下行,62778,62544,106,2
1212,106路下行,62544,62521,106,2
1213,106路下行,62521,62463,106,2
1214,106路下行,62463,62429,106,2
1215,106路下行,62429,62369,106,2
1216,106路下行,62369,56747,106,1
1217,106路下行,56747,56820,106,1
1218,111路上行,97424,97507,111,2
1219,111路上行,97507,60669,111,2
1220,111路上行,60669,25944,111,2
1221,111路上行,25944,25890,111,2
1222,111路上行,25890,60763,111,2
1223,111路上行,60763,60779,111,2
1224,111路上行,60779,61439,111,2
1225,111路上行,61439,61454,111,2
1226,111路上行,61454,61960,111,2
1227,111路上行,61960,61535,111,2
1228,111路上行,61535,61561,111,2
1229,111路上行,61561,61986,111,2
1230,111路上行,61986,62023,111,2
1231,111路上行,62023,61998,111,2
1232,111路上行,61998,62049,111,2
1233,111路上行,62049,62077,111,2
1234,111路上行,62077,27732,111,2
1235,111路上行,27732,27698,111,2
1236,111路上行,27698,23351,111,1
1237,111路上行,23351,27680,111,1
1238,111路上行,27680,62118,111,1
1239,111路下行,62107,27699,111,1
1240,111路下行,27699,27733,111,2
1241,111路下行,27733,62076,111,2
1242,111路下行,62076,62050,111,2
1243,111路下行,62050,62011,111,2
1244,111路下行,62011,62024,111,2
1245,111路下行,62024,61987,111,2
1246,111路下行,61987,61562,111,2
1247,111路下行,61562,61534,111,2
1248,111路下行,61534,61958,111,2
1249,111路下行,61958,61455,111,2
1250,111路下行,61455,61440,111,2
1251,111路下行,61440,60780,111,2
1252,111路下行,60780,60764,111,2
1253,111路下行,60764,25889,111,2
1254,111路下行,25889,25945,111,2
1255,111路下行,25945,60668,111,2
1256,111路下行,60668,97506,111,2
1257,111路下行,97506,97417,111,2
1258,111路下行,97417,97440,111,1
1259,118路上行,98049,98071,118,2
1260,118路上行,98071,56545,118,2
1261,118路上行,56545,56559,118,2
1262,118路上行,56559,17692,118,2
1263,118路上行,17692,14214,118,2
1264,118路上行,14214,761,118,2
1265,118路上行,761,98101,118,2
1266,118路上行,98101,744,118,2
1267,118路上行,744,730,118,2
1268,118路上行,730,100201,118,2
1269,118路上行,100201,1104,118,2
1270,118路上行,1104,46263,118,2
1271,118路上行,46263,27250,118,2
1272,118路上行,27250,27232,118,2
1273,118路上行,27232,27224,118,2
1274,118路上行,27224,14571,118,2
1275,118路上行,14571,6362,118,2
1276,118路上行,6362,6420,118,2
1277,118路下行,62709,22008,118,2
1278,118路下行,22008,15343,118,2
1279,118路下行,15343,27223,118,2
1280,118路下行,27223,27233,118,2
1281,118路下行,27233,27251,118,2
1282,118路下行,27251,46264,118,2
1283,118路下行,46264,1105,118,2
1284,118路下行,1105,98784,118,2
1285,118路下行,98784,719,118,2
1286,118路下行,719,736,118,2
1287,118路下行,736,749,118,2
1288,118路下行,749,764,118,2
1289,118路下行,764,779,118,2
1290,118路下行,779,17693,118,2
1291,118路下行,17693,56560,118,2
1292,118路下行,56560,56546,118,2
1293,118路下行,56546,98072,118,2
1294,118路下行,98072,98050,118,2
1295,141路上行,5027,5214,141,1
1296,141路上行,5214,5167,141,2
1297,141路上行,5167,5204,141,2
1298,141路上行,5204,5183,141,2
1299,141路上行,5183,750,141,2
1300,141路上行,750,744,141,2
1301,141路上行,744,730,141,2
1302,141路上行,730,98783,141,2
1303,141路上行,98783,14622,141,2
1304,141路上行,14622,3584,141,2
1305,141路上行,3584,6661,141,2
1306,141路上行,6661,21999,141,2
1307,141路上行,21999,21974,141,2
1308,141路上行,21974,21965,141,2
1309,141路上行,21965,5087,141,2
1310,141路上行,5087,5072,141,2
1311,141路上行,5072,5064,141,2
1312,141路上行,5064,5058,141,2
1313,141路上行,5058,4998,141,2
1314,141路上行,4998,4991,141,2
1315,141路下行,4985,4997,141,2
1316,141路下行,4997,5007,141,2
1317,141路下行,5007,5063,141,2
1318,141路下行,5063,5071,141,2
1319,141路下行,5071,5086,141,2
1320,141路下行,5086,21964,141,2
1321,141路下行,21964,6684,141,2
1322,141路下行,6684,21982,141,2
1323,141路下行,21982,21998,141,2
1324,141路下行,21998,21989,141,2
1325,141路下行,21989,3585,141,2
1326,141路下行,3585,14621,141,2
1327,141路下行,14621,98784,141,2
1328,141路下行,98784,719,141,2
1329,141路下行,719,736,141,2
1330,141路下行,736,749,141,2
1331,141路下行,749,5181,141,2
1332,141路下行,5181,5197,141,2
1333,141路下行,5197,5168,141,2
1334,141路下行,5168,5023,141,2
1335,143路上行,15343,14571,143,2
1336,143路上行,14571,6377,143,2
1337,143路上行,6377,14588,143,2
1338,143路上行,14588,6624,143,2
1339,143路上行,6624,6655,143,2
1340,143路上行,6655,3585,143,2
1341,143路上行,3585,14621,143,2
1342,143路上行,14621,14643,143,2
1343,143路上行,14643,14667,143,2
1344,143路上行,14667,14690,143,2
1345,143路上行,14690,14707,143,2
1346,143路上行,14707,14742,143,2
1347,143路上行,14742,15287,143,2
1348,143路上行,15287,14768,143,2
1349,143路上行,14768,14777,143,2
1350,143路上行,14777,15198,143,2
1351,143路上行,15198,15238,143,2
1352,143路上行,15238,15075,143,2
1353,143路上行,15075,15034,143,2
1354,143路上行,15034,14881,143,2
1355,143路下行,14880,15035,143,2
1356,143路下行,15035,15074,143,2
1357,143路下行,15074,15237,143,2
1358,143路下行,15237,15199,143,2
1359,143路下行,15199,14778,143,2
1360,143路下行,14778,5214,143,2
1361,143路下行,5214,15288,143,2
1362,143路下行,15288,14744,143,2
1363,143路下行,14744,14708,143,2
1364,143路下行,14708,14689,143,2
1365,143路下行,14689,14668,143,2
1366,143路下行,14668,14644,143,2
1367,143路下行,14644,14622,143,2
1368,143路下行,14622,3584,143,2
1369,143路下行,3584,6661,143,2
1370,143路下行,6661,6622,143,2
1371,143路下行,6622,6615,143,2
1372,143路下行,6615,6378,143,2
1373,143路下行,6378,14572,143,2
1374,143路下行,14572,98306,143,2
1375,174路上行,23850,44929,174,2
1376,174路上行,44929,4057,174,2
1377,174路上行,4057,44943,174,2
1378,174路上行,44943,2094,174,2
1379,174路上行,2094,2104,174,2
1380,174路上行,2104,2121,174,2
1381,174路上行,2121,44958,174,2
1382,174路上行,44958,5071,174,2
1383,174路上行,5071,5086,174,2
1384,174路上行,5086,45001,174,2
1385,174路上行,45001,44964,174,2
1386,174路上行,44964,41519,174,2
1387,174路上行,41519,41458,174,2
1388,174路上行,41458,16148,174,2
1389,174路上行,16148,16134,174,2
1390,174路上行,16134,27120,174,2
1391,174路上行,27120,45024,174,2
1392,174路上行,45024,45057,174,2
1393,174路上行,45057,45223,174,2
1394,174路下行,45226,45056,174,2
1395,174路下行,45056,45026,174,2
1396,174路下行,45026,5425,174,2
1397,174路下行,5425,16133,174,2
1398,174路下行,16133,16147,174,2
1399,174路下行,16147,41457,174,2
1400,174路下行,41457,41518,174,2
1401,174路下行,41518,44963,174,2
1402,174路下行,44963,44979,174,2
1403,174路下行,44979,5072,174,2
1404,174路下行,5072,5064,174,2
1405,174路下行,5064,41851,174,2
1406,174路下行,41851,97825,174,2
1407,174路下行,97825,14417,174,2
1408,174路下行,14417,44944,174,2
1409,174路下行,44944,4058,174,2
1410,174路下行,4058,44928,174,2
1411,174路下行,44928,23851,174,2
1412,174路下行,23851,44917,174,2
1413,187路上行,55920,55928,187,1
1414,187路上行,55928,55905,187,1
1415,187路上行,55905,55898,187,1
1416,187路上行,55898,55949,187,1
1417,187路上行,55949,55892,187,1
1418,187路上行,55892,55802,187,2
1419,187路上行,55802,53733,187,1
1420,187路上行,53733,53772,187,1
1421,187路上行,53772,55858,187,1
1422,187路上行,55858,55881,187,1
1423,187路上行,55881,55870,187,1
1424,187路上行,55870,55846,187,1
1425,187路下行,55845,55871,187,1
1426,187路下行,55871,55880,187,1
1427,187路下行,55880,55859,187,1
1428,187路下行,55859,53776,187,1
1429,187路下行,53776,53734,187,1
1430,187路下行,53734,20156,187,1
1431,187路下行,20156,55893,187,2
1432,187路下行,55893,55950,187,1
1433,187路下行,55950,55899,187,1
1434,187路下行,55899,55904,187,1
1435,187路下行,55904,55919,187,1
1436,198路上行,45945,45917,198,1
1437,198路上行,45917,45909,198,1
1438,198路上行,45909,45898,198,1
1439,198路上行,45898,45893,198,1
1440,198路上行,45893,45478,198,2
1441,198路上行,45478,45541,198,2
1442,198路上行,45541,45545,198,1
1443,198路上行,45545,45554,198,1
1444,198路上行,45554,45592,198,2
1445,198路上行,45592,45609,198,1
1446,198路上行,45609,45650,198,1
1447,198路上行,45650,45960,198,1
1448,198路上行,45960,37959,198,1
1449,198路下行,21924,37966,198,1
1450,198路下行,37966,45961,198,1
1451,198路下行,45961,45649,198,1
1452,198路下行,45649,45608,198,1
1453,198路下行,45608,45610,198,1
1454,198路下行,45610,45553,198,2
1455,198路下行,45553,45546,198,1
1456,198路下行,45546,45534,198,2
1457,198路下行,45534,45477,198,2
1458,198路下行,45477,45892,198,1
1459,198路下行,45892,45903,198,1
1460,198路下行,45903,45910,198,1
1461,198路下行,45910,45916,198,1
1462,198路下行,45916,45953,198,1
1463,198路下行,45953,45931,198,1
1464,198A路上行,45826,45847,198A,1
1465,198A路上行,45847,45860,198A,1
1466,198A路上行,45860,45867,198A,1
1467,198A路上行,45867,45719,198A,1
1468,198A路上行,45719,45649,198A,1
1469,198A路上行,45649,45608,198A,1
1470,198A路上行,45608,45610,198A,1
1471,198A路上行,45610,45553,198A,2
1472,198A路上行,45553,45546,198A,1
1473,198A路上行,45546,45534,198A,1
1474,198A路上行,45534,45477,198A,2
1475,198A路上行,45477,45892,198A,2
1476,198A路上行,45892,45903,198A,1
1477,198A路上行,45903,45910,198A,1
1478,198A路上行,45910,45916,198A,1
1479,198A路上行,45916,45953,198A,1
1480,198A路上行,45953,45935,198A,1
1481,198A路下行,45944,45917,198A,1
1482,198A路下行,45917,45909,198A,1
1483,198A路下行,45909,45898,198A,1
1484,198A路下行,45898,45893,198A,1
1485,198A路下行,45893,45478,198A,2
1486,198A路下行,45478,45541,198A,2
1487,198A路下行,45541,45545,198A,1
1488,198A路下行,45545,45554,198A,1
1489,198A路下行,45554,45592,198A,2
1490,198A路下行,45592,45609,198A,1
1491,198A路下行,45609,45650,198A,1
1492,198A路下行,45650,45720,198A,1
1493,198A路下行,45720,45868,198A,2
1494,198A路下行,45868,45825,198A,1
1495,208路上行,6956,18000,208,2
1496,208路上行,18000,18027,208,2
1497,208路上行,18027,18018,208,2
1498,208路上行,18018,18040,208,2
1499,208路上行,18040,18053,208,2
1500,208路上行,18053,18263,208,2
1501,208路上行,18263,18246,208,2
1502,208路上行,18246,18220,208,2
1503,208路上行,18220,18093,208,2
1504,208路上行,18093,17936,208,2
1505,208路下行,17939,18072,208,2
1506,208路下行,18072,18079,208,2
1507,208路下行,18079,18198,208,2
1508,208路下行,18198,18245,208,2
1509,208路下行,18245,18264,208,2
1510,208路下行,18264,18054,208,2
1511,208路下行,18054,18041,208,2
1512,208路下行,18041,18017,208,2
1513,208路下行,18017,18028,208,2
1514,208路下行,18028,18009,208,2
1515,208路下行,18009,4989,208,1
1516,208路下行,4989,6962,208,1
1517,210A路,3639,3662,210A,2
1518,210A路,3662,6562,210A,2
1519,210A路,6562,23538,210A,2
1520,210A路,23538,6607,210A,2
1521,210A路,6607,6624,210A,2
1522,210A路,6624,6655,210A,2
1523,210A路,6655,28125,210A,2
1524,210A路,28125,102017,210A,2
1525,210A路,102017,28139,210A,2
1526,210A路,28139,6678,210A,2
1527,210A路,6678,6684,210A,2
1528,210A路,6684,21982,210A,2
1529,210A路,21982,2218,210A,2
1530,210B路,2220,6685,210B,2
1531,210B路,6685,21974,210B,2
1532,210B路,21974,28144,210B,2
1533,210B路,28144,28140,210B,2
1534,210B路,28140,102016,210B,2
1535,210B路,102016,28126,210B,2
1536,210B路,28126,3584,210B,2
1537,210B路,3584,6661,210B,2
1538,210B路,6661,6622,210B,2
1539,210B路,6622,6615,210B,2
1540,210B路,6615,23539,210B,2
1541,210B路,23539,6565,210B,2
1542,210B路,6565,3660,210B,2
1543,210B路,3660,2219,210B,2
1544,211路上行,45226,45056,211,2
1545,211路上行,45056,55602,211,2
1546,211路上行,55602,21445,211,2
1547,211路上行,21445,56502,211,2
1548,211路上行,56502,56545,211,2
1549,211路上行,56545,56559,211,2
1550,211路上行,56559,17792,211,2
1551,211路上行,17792,17656,211,2
1552,211路上行,17656,17627,211,2
1553,211路上行,17627,56627,211,2
1554,211路上行,56627,56618,211,2
1555,211路下行,56617,56628,211,2
1556,211路下行,56628,17626,211,2
1557,211路下行,17626,17657,211,2
1558,211路下行,17657,56581,211,2
1559,211路下行,56581,56560,211,2
1560,211路下行,56560,56546,211,2
1561,211路下行,56546,56512,211,2
1562,211路下行,56512,21445,211,2
1563,211路下行,21445,55601,211,2
1564,211路下行,55601,45057,211,2
1565,211路下行,45057,45217,211,2
1566,211路下行,45217,45224,211,1
1567,218路上行,5027,5214,218,1
1568,218路上行,5214,5167,218,2
1569,218路上行,5167,98756,218,2
1570,218路上行,98756,56446,218,2
1571,218路上行,56446,56571,218,2
1572,218路上行,56571,56560,218,2
1573,218路上行,56560,56546,218,2
1574,218路上行,56546,98726,218,2
1575,218路上行,98726,818,218,1
1576,218路上行,818,21535,218,1
1577,218路下行,21426,803,218,2
1578,218路下行,803,98730,218,2
1579,218路下行,98730,17693,218,2
1580,218路下行,17693,56570,218,2
1581,218路下行,56570,56445,218,2
1582,218路下行,56445,98755,218,2
1583,218路下行,98755,5168,218,2
1584,218路下行,5168,7229,218,2
1585,229路上行,55097,55152,229,1
1586,229路上行,55152,55161,229,1
1587,229路上行,55161,55187,229,1
1588,229路上行,55187,55210,229,2
1589,229路上行,55210,53460,229,2
1590,229路上行,53460,53400,229,2
1591,229路上行,53400,53418,229,2
1592,229路上行,53418,53442,229,2
1593,229路上行,53442,54382,229,2
1594,229路上行,54382,54544,229,2
1595,229路上行,54544,55768,229,2
1596,229路上行,55768,55761,229,2
1597,229路下行,54746,54723,229,2
1598,229路下行,54723,54545,229,2
1599,229路下行,54545,54381,229,2
1600,229路下行,54381,53443,229,2
1601,229路下行,53443,53417,229,2
1602,229路下行,53417,53401,229,2
1603,229路下行,53401,53459,229,2
1604,229路下行,53459,55211,229,2
1605,229路下行,55211,55186,229,2
1606,229路下行,55186,55162,229,1
1607,229路下行,55162,55151,229,1
1608,229路下行,55151,55141,229,1
1609,229路下行,55141,55092,229,1
1610,239路上行,24273,55438,239,2
1611,239路上行,55438,55448,239,2
1612,239路上行,55448,55353,239,2
1613,239路上行,55353,55341,239,2
1614,239路上行,55341,55492,239,2
1615,239路上行,55492,55487,239,2
1616,239路上行,55487,55471,239,2
1617,239路下行,55472,55486,239,2
1618,239路下行,55486,55491,239,2
1619,239路下行,55491,55342,239,2
1620,239路下行,55342,55352,239,2
1621,239路下行,55352,55450,239,2
1622,239路下行,55450,55437,239,2
1623,239路下行,55437,24298,239,2
1624,243路上行,16500,16483,243,3
1625,243路上行,16483,16418,243,2
1626,243路上行,16418,16432,243,2
1627,243路上行,16432,2073,243,2
1628,243路上行,2073,27940,243,2
1629,243路上行,27940,27927,243,2
1630,243路上行,27927,2141,243,2
1631,243路上行,2141,2134,243,2
1632,243路上行,2134,2725,243,2
1633,243路上行,2725,15547,243,2
1634,243路上行,15547,16757,243,2
1635,243路下行,16758,16772,243,2
1636,243路下行,16772,2734,243,2
1637,243路下行,2734,2094,243,2
1638,243路下行,2094,6944,243,2
1639,243路下行,6944,27925,243,2
1640,243路下行,27925,16825,243,2
1641,243路下行,16825,2074,243,2
1642,243路下行,2074,16433,243,2
1643,243路下行,16433,16419,243,2
1644,243路下行,16419,16482,243,2
1645,243路下行,16482,16852,243,3
1646,243路下行,16852,16851,243,1
1647,257路上行,15343,27223,257,2
1648,257路上行,27223,20841,257,2
1649,257路上行,20841,20878,257,2
1650,257路上行,20878,46436,257,2
1651,257路上行,46436,46519,257,2
1652,257路上行,46519,46501,257,2
1653,257路上行,46501,46477,257,2
1654,257路上行,46477,46786,257,2
1655,257路上行,46786,46588,257,2
1656,257路上行,46588,46569,257,2
1657,257路下行,46556,46589,257,2
1658,257路下行,46589,46785,257,2
1659,257路下行,46785,46478,257,2
1660,257路下行,46478,46500,257,2
1661,257路下行,46500,46520,257,2
1662,257路下行,46520,46435,257,2
1663,257路下行,46435,20879,257,2
1664,257路下行,20879,20842,257,2
1665,257路下行,20842,27224,257,2
1666,257路下行,27224,98307,257,2
1667,258路上行,3539,1129,258,2
1668,258路上行,1129,1154,258,2
1669,258路上行,1154,46263,258,2
1670,258路上行,46263,27269,258,2
1671,258路上行,27269,46709,258,2
1672,258路上行,46709,46682,258,2
1673,258路上行,46682,46651,258,2
1674,258路上行,46651,46610,258,2
1675,258路上行,46610,46588,258,2
1676,258路上行,46588,46569,258,2
1677,258路下行,46556,46589,258,2
1678,258路下行,46589,46609,258,2
1679,258路下行,46609,46650,258,2
1680,258路下行,46650,46681,258,2
1681,258路下行,46681,27280,258,2
1682,258路下行,27280,27270,258,2
1683,258路下行,27270,46264,258,2
1684,258路下行,46264,1148,258,2
1685,258路下行,1148,3654,258,2
1686,258路下行,3654,98307,258,2
1687,261路上行,25281,25256,261,2
1688,261路上行,25256,25240,261,2
1689,261路上行,25240,25193,261,2
1690,261路上行,25193,18246,261,2
1691,261路上行,18246,18220,261,2
1692,261路上行,18220,26782,261,2
1693,261路上行,26782,20224,261,2
1694,261路上行,20224,20218,261,2
1695,261路上行,20218,20206,261,2
1696,261路上行,20206,25362,261,2
1697,261路上行,25362,25367,261,2
1698,261路上行,25367,25406,261,2
1699,261路上行,25406,24646,261,2
1700,261路上行,24646,24672,261,2
1701,261路上行,24672,24751,261,2
1702,261路上行,24751,24738,261,2
1703,261路上行,24738,24297,261,2
1704,261路下行,24272,24737,261,2
1705,261路下行,24737,24750,261,2
1706,261路下行,24750,24674,261,2
1707,261路下行,24674,24645,261,2
1708,261路下行,24645,25407,261,2
1709,261路下行,25407,25368,261,2
1710,261路下行,25368,20189,261,2
1711,261路下行,20189,20205,261,2
1712,261路下行,20205,20217,261,2
1713,261路下行,20217,20223,261,2
1714,261路下行,20223,20481,261,2
1715,261路下行,20481,18198,261,2
1716,261路下行,18198,18245,261,2
1717,261路下行,18245,25192,261,2
1718,261路下行,25192,25239,261,2
1719,261路下行,25239,25258,261,2
1720,261路下行,25258,25276,261,2
1721,322路上行,5413,16116,322,2
1722,322路上行,16116,16078,322,2
1723,322路上行,16078,16852,322,2
1724,322路上行,16852,26141,322,1
1725,322路上行,26141,26144,322,1
1726,322路上行,26144,26116,322,1
1727,322路上行,26116,24563,322,2
1728,322路上行,24563,24594,322,2
1729,322路上行,24594,24646,322,2
1730,322路上行,24646,24672,322,2
1731,322路上行,24672,45973,322,2
1732,322路上行,45973,45999,322,2
1733,322路上行,45999,46171,322,2
1734,322路上行,46171,46178,322,2
1735,322路上行,46178,46182,322,2
1736,322路上行,46182,46192,322,2
1737,322路上行,46192,46205,322,2
1738,322路上行,46205,46202,322,2
1739,322路上行,46202,46206,322,2
1740,322路上行,46206,46216,322,2
1741,322路上行,46216,46217,322,2
1742,322路上行,46217,46228,322,2
1743,322路上行,46228,46229,322,2
1744,322路上行,46229,46240,322,2
1745,322路上行,46240,45719,322,2
1746,322路上行,45719,45649,322,2
1747,322路上行,45649,45608,322,1
1748,322路上行,45608,45610,322,2
1749,322路上行,45610,45553,322,2
1750,322路上行,45553,45546,322,1
1751,322路上行,45546,45534,322,1
1752,322路上行,45534,45477,322,2
1753,322路上行,45477,45332,322,2
1754,322路下行,45331,45478,322,2
1755,322路下行,45478,45541,322,2
1756,322路下行,45541,45545,322,1
1757,322路下行,45545,45554,322,1
1758,322路下行,45554,45592,322,2
1759,322路下行,45592,45609,322,1
1760,322路下行,45609,45650,322,1
1761,322路下行,45650,45720,322,2
1762,322路下行,45720,46239,322,2
1763,322路下行,46239,46230,322,2
1764,322路下行,46230,46227,322,2
1765,322路下行,46227,46218,322,2
1766,322路下行,46218,46215,322,2
1767,322路下行,46215,46207,322,2
1768,322路下行,46207,46203,322,2
1769,322路下行,46203,46204,322,2
1770,322路下行,46204,46193,322,2
1771,322路下行,46193,46183,322,2
1772,322路下行,46183,46179,322,2
1773,322路下行,46179,46170,322,2
1774,322路下行,46170,46000,322,2
1775,322路下行,46000,45974,322,2
1776,322路下行,45974,24674,322,2
1777,322路下行,24674,24645,322,2
1778,322路下行,24645,24595,322,2
1779,322路下行,24595,24564,322,2
1780,322路下行,24564,26070,322,2
1781,322路下行,26070,26145,322,1
1782,322路下行,26145,26140,322,1
1783,322路下行,26140,26131,322,1
1784,322路下行,26131,16077,322,2
1785,322路下行,16077,16115,322,2
1786,322路下行,16115,5425,322,2
1787,322路下行,5425,5414,322,1
1788,334路上行,63049,4997,334,2
1789,334路上行,4997,5007,334,2
1790,334路上行,5007,41851,334,2
1791,334路上行,41851,63061,334,2
1792,334路上行,63061,3780,334,2
1793,334路上行,3780,6562,334,2
1794,334路上行,6562,63097,334,2
1795,334路上行,63097,63085,334,2
1796,334路上行,63085,26920,334,2
1797,334路上行,26920,26793,334,2
1798,334路上行,26793,14572,334,2
1799,334路上行,14572,22007,334,2
1800,334路上行,22007,22011,334,2
1801,334路上行,22011,23048,334,2
1802,334路上行,23048,23058,334,2
1803,334路上行,23058,23084,334,2
1804,334路上行,23084,23114,334,2
1805,334路上行,23114,27327,334,2
1806,334路上行,27327,23133,334,2
1807,334路上行,23133,27760,334,2
1808,334路上行,27760,27810,334,2
1809,334路上行,27810,62996,334,2
1810,334路上行,62996,63006,334,2
1811,334路上行,63006,63012,334,2
1812,334路上行,63012,63023,334,2
1813,334路上行,63023,60188,334,2
1814,334路上行,60188,63114,334,2
1815,334路上行,63114,63033,334,2
1816,334路上行,63033,62928,334,2
1817,334路上行,62928,60037,334,2
1818,334路上行,60037,60053,334,2
1819,334路上行,60053,62905,334,2
1820,334路下行,62898,60052,334,2
1821,334路下行,60052,60040,334,2
1822,334路下行,60040,62927,334,2
1823,334路下行,62927,63030,334,2
1824,334路下行,63030,63115,334,2
1825,334路下行,63115,60186,334,2
1826,334路下行,60186,63022,334,2
1827,334路下行,63022,63013,334,2
1828,334路下行,63013,63007,334,2
1829,334路下行,63007,62997,334,2
1830,334路下行,62997,27809,334,2
1831,334路下行,27809,27761,334,2
1832,334路下行,27761,23134,334,2
1833,334路下行,23134,27328,334,2
1834,334路下行,27328,23115,334,2
1835,334路下行,23115,23085,334,2
1836,334路下行,23085,23059,334,2
1837,334路下行,23059,23046,334,2
1838,334路下行,23046,22013,334,2
1839,334路下行,22013,22008,334,2
1840,334路下行,22008,14571,334,2
1841,334路下行,14571,26792,334,2
1842,334路下行,26792,26919,334,2
1843,334路下行,26919,63086,334,2
1844,334路下行,63086,63098,334,2
1845,334路下行,63098,6565,334,2
1846,334路下行,6565,3779,334,2
1847,334路下行,3779,6719,334,2
1848,334路下行,6719,63055,334,2
1849,334路下行,63055,5058,334,2
1850,334路下行,5058,4998,334,2
1851,334路下行,4998,4989,334,2
1852,334路下行,4989,63045,334,1
1853,358路上行,21427,5358,358,2
1854,358路上行,5358,5437,358,2
1855,358路上行,5437,54820,358,2
1856,358路上行,54820,45024,358,2
1857,358路上行,45024,45057,358,2
1858,358路上行,45057,54798,358,2
1859,358路上行,54798,55290,358,2
1860,358路上行,55290,55319,358,2
1861,358路上行,55319,55328,358,2
1862,358路上行,55328,55342,358,2
1863,358路上行,55342,55352,358,2
1864,358路上行,55352,55369,358,2
1865,358路上行,55369,55381,358,2
1866,358路上行,55381,55410,358,2
1867,358路上行,55410,55431,358,2
1868,358路上行,55431,55420,358,2
1869,358路上行,55420,46216,358,2
1870,358路上行,46216,46217,358,2
1871,358路上行,46217,46228,358,2
1872,358路上行,46228,46229,358,2
1873,358路上行,46229,46240,358,2
1874,358路上行,46240,45868,358,2
1875,358路上行,45868,55507,358,2
1876,358路上行,55507,55517,358,2
1877,358路上行,55517,55525,358,2
1878,358路上行,55525,55539,358,2
1879,358路上行,55539,55565,358,2
1880,358路上行,55565,55554,358,1
1881,358路上行,55554,53401,358,2
1882,358路上行,53401,53255,358,2
1883,358路上行,53255,53259,358,1
1884,358路下行,53055,53400,358,2
1885,358路下行,53400,55552,358,2
1886,358路下行,55552,55566,358,2
1887,358路下行,55566,55538,358,2
1888,358路下行,55538,55526,358,2
1889,358路下行,55526,55516,358,2
1890,358路下行,55516,45860,358,2
1891,358路下行,45860,45867,358,2
1892,358路下行,45867,46239,358,2
1893,358路下行,46239,46230,358,2
1894,358路下行,46230,46227,358,2
1895,358路下行,46227,46218,358,2
1896,358路下行,46218,55419,358,2
1897,358路下行,55419,55432,358,2
1898,358路下行,55432,55409,358,2
1899,358路下行,55409,55382,358,2
1900,358路下行,55382,55370,358,2
1901,358路下行,55370,55353,358,2
1902,358路下行,55353,55341,358,2
1903,358路下行,55341,55329,358,2
1904,358路下行,55329,55318,358,2
1905,358路下行,55318,55289,358,2
1906,358路下行,55289,45226,358,2
1907,358路下行,45226,45056,358,2
1908,358路下行,45056,45026,358,2
1909,358路下行,45026,54821,358,2
1910,358路下行,54821,5436,358,2
1911,358路下行,5436,811,358,2
1912,358路下行,811,818,358,2
1913,358路下行,818,21537,358,1
1914,523路上行,98619,7540,523,6
1915,523路上行,7540,37926,523,3
1916,523路上行,37926,98627,523,4
1917,523路上行,98627,98633,523,4
1918,523路上行,98633,98646,523,4
1919,523路上行,98646,37941,523,4
1920,523路上行,37941,98658,523,5
1921,523路上行,98658,98675,523,5
1922,523路上行,98675,37959,523,5
1923,523路下行,21924,98676,523,5
1924,523路下行,98676,98657,523,5
1925,523路下行,98657,37942,523,5
1926,523路下行,37942,98645,523,4
1927,523路下行,98645,98634,523,4
1928,523路下行,98634,98628,523,4
1929,523路下行,98628,37925,523,4
1930,523路下行,37925,37934,523,3
1931,523路下行,37934,98677,523,6
1932,537路上行,2708,2766,537,2
1933,537路上行,2766,2777,537,2
1934,537路上行,2777,2741,537,2
1935,537路上行,2741,2806,537,2
1936,537路上行,2806,2734,537,2
1937,537路上行,2734,2074,537,2
1938,537路上行,2074,2059,537,2
1939,537路上行,2059,3836,537,1
1940,537路下行,3839,2073,537,2
1941,537路下行,2073,2725,537,2
1942,537路下行,2725,2800,537,2
1943,537路下行,2800,2758,537,2
1944,537路下行,2758,2788,537,2
1945,537路下行,2788,2769,537,2
1946,537路下行,2769,2714,537,1
1947,716路上行,21427,55601,716,2
1948,716路上行,55601,45057,716,2
1949,716路上行,45057,54798,716,2
1950,716路上行,54798,55290,716,2
1951,716路上行,55290,55319,716,2
1952,716路上行,55319,55328,716,2
1953,716路上行,55328,55342,716,2
1954,716路上行,55342,55352,716,2
1955,716路上行,55352,55369,716,2
1956,716路上行,55369,55381,716,2
1957,716路上行,55381,55410,716,2
1958,716路上行,55410,55395,716,2
1959,716路上行,55395,46206,716,2
1960,716路上行,46206,54951,716,2
1961,716路上行,54951,54958,716,2
1962,716路上行,54958,54971,716,2
1963,716路上行,54971,55615,716,2
1964,716路上行,55615,54004,716,2
1965,716路上行,54004,54018,716,2
1966,716路上行,54018,54023,716,2
1967,716路上行,54023,55627,716,2
1968,716路上行,55627,55631,716,2
1969,716路上行,55631,55642,716,2
1970,716路上行,55642,55656,716,2
1971,716路上行,55656,55667,716,2
1972,716路上行,55667,55671,716,2
1973,716路上行,55671,55691,716,2
1974,716路上行,55691,55696,716,2
1975,716路上行,55696,55162,716,2
1976,716路上行,55162,55151,716,2
1977,716路上行,55151,55141,716,2
1978,716路上行,55141,55091,716,2
1979,716路下行,55097,55152,716,2
1980,716路下行,55152,55161,716,2
1981,716路下行,55161,55695,716,2
1982,716路下行,55695,55690,716,2
1983,716路下行,55690,55673,716,2
1984,716路下行,55673,55668,716,2
1985,716路下行,55668,55655,716,2
1986,716路下行,55655,55641,716,2
1987,716路下行,55641,55632,716,2
1988,716路下行,55632,54038,716,2
1989,716路下行,54038,54024,716,2
1990,716路下行,54024,54017,716,2
1991,716路下行,54017,54003,716,2
1992,716路下行,54003,55616,716,2
1993,716路下行,55616,54972,716,2
1994,716路下行,54972,54957,716,2
1995,716路下行,54957,54952,716,2
1996,716路下行,54952,46207,716,2
1997,716路下行,46207,55394,716,2
1998,716路下行,55394,55409,716,2
1999,716路下行,55409,55382,716,2
2000,716路下行,55382,55370,716,2
2001,716路下行,55370,55353,716,2
2002,716路下行,55353,55341,716,2
2003,716路下行,55341,55329,716,2
2004,716路下行,55329,55318,716,2
2005,716路下行,55318,55289,716,2
2006,716路下行,55289,45226,716,2
2007,716路下行,45226,45056,716,2
2008,716路下行,45056,55602,716,2
2009,716路下行,55602,818,716,2
2010,716路下行,818,21538,716,1
2011,720路上行,53725,53733,720,2
2012,720路上行,53733,53772,720,2
2013,720路上行,53772,53796,720,2
2014,720路上行,53796,53822,720,2
2015,720路上行,53822,53953,720,2
2016,720路上行,53953,53963,720,2
2017,720路上行,53963,53978,720,2
2018,720路上行,53978,53985,720,2
2019,720路上行,53985,54004,720,2
2020,720路上行,54004,54018,720,2
2021,720路上行,54018,54023,720,2
2022,720路上行,54023,54037,720,2
2023,720路上行,54037,54054,720,2
2024,720路上行,54054,54052,720,2
2025,720路上行,54052,53721,720,2
2026,720路上行,53721,53704,720,2
2027,720路上行,53704,53675,720,2
2028,720路上行,53675,53258,720,2
2029,720路下行,53071,53674,720,2
2030,720路下行,53674,53703,720,2
2031,720路下行,53703,53720,720,2
2032,720路下行,53720,54051,720,2
2033,720路下行,54051,54053,720,2
2034,720路下行,54053,54038,720,2
2035,720路下行,54038,54024,720,2
2036,720路下行,54024,54017,720,2
2037,720路下行,54017,54003,720,2
2038,720路下行,54003,53986,720,2
2039,720路下行,53986,53977,720,2
2040,720路下行,53977,53962,720,2
2041,720路下行,53962,53952,720,2
2042,720路下行,53952,53821,720,2
2043,720路下行,53821,53795,720,2
2044,720路下行,53795,53776,720,2
2045,720路下行,53776,53734,720,2
2046,720路下行,53734,53726,720,2
2047,727路上行,54113,16433,727,2
2048,727路上行,16433,16419,727,2
2049,727路上行,16419,24530,727,2
2050,727路上行,24530,24563,727,2
2051,727路上行,24563,24594,727,2
2052,727路上行,24594,24646,727,2
2053,727路上行,24646,24672,727,2
2054,727路上行,24672,45973,727,2
2055,727路上行,45973,45999,727,2
2056,727路上行,45999,46171,727,2
2057,727路上行,46171,46178,727,2
2058,727路上行,46178,46182,727,2
2059,727路上行,46182,46192,727,2
2060,727路上行,46192,46205,727,2
2061,727路上行,46205,46202,727,2
2062,727路上行,46202,46206,727,2
2063,727路上行,46206,46216,727,2
2064,727路上行,46216,46217,727,2
2065,727路上行,46217,46228,727,2
2066,727路上行,46228,46229,727,2
2067,727路上行,46229,46240,727,2
2068,727路上行,46240,45868,727,2
2069,727路上行,45868,45826,727,2
2070,727路上行,45826,52848,727,2
2071,727路上行,52848,53318,727,2
2072,727路上行,53318,54382,727,2
2073,727路上行,54382,54544,727,2
2074,727路上行,54544,54550,727,2
2075,727路上行,54550,54745,727,2
2076,727路上行,54745,54789,727,2
2077,727路上行,54789,54772,727,2
2078,727路上行,54772,54627,727,2
2079,727路上行,54627,54594,727,2
2080,727路上行,54594,54587,727,2
2081,727路上行,54587,54586,727,2
2082,727路上行,54586,54570,727,2
2083,727路下行,54572,54585,727,2
2084,727路下行,54585,54588,727,2
2085,727路下行,54588,54593,727,2
2086,727路下行,54593,54626,727,2
2087,727路下行,54626,54771,727,2
2088,727路下行,54771,54790,727,2
2089,727路下行,54790,54746,727,2
2090,727路下行,54746,54723,727,2
2091,727路下行,54723,54545,727,2
2092,727路下行,54545,54381,727,2
2093,727路下行,54381,53317,727,2
2094,727路下行,53317,52849,727,2
2095,727路下行,52849,52824,727,2
2096,727路下行,52824,45867,727,2
2097,727路下行,45867,46239,727,2
2098,727路下行,46239,46230,727,2
2099,727路下行,46230,46227,727,2
2100,727路下行,46227,46218,727,2
2101,727路下行,46218,46215,727,2
2102,727路下行,46215,46207,727,2
2103,727路下行,46207,46203,727,2
2104,727路下行,46203,46204,727,2
2105,727路下行,46204,46193,727,2
2106,727路下行,46193,46183,727,2
2107,727路下行,46183,46179,727,2
2108,727路下行,46179,46170,727,2
2109,727路下行,46170,46000,727,2
2110,727路下行,46000,45974,727,2
2111,727路下行,45974,24674,727,2
2112,727路下行,24674,24645,727,2
2113,727路下行,24645,24595,727,2
2114,727路下行,24595,24564,727,2
2115,727路下行,24564,24529,727,2
2116,727路下行,24529,16418,727,2
2117,727路下行,16418,18041,727,2
2118,727路下行,18041,18017,727,2
2119,727路下行,18017,2059,727,2
2120,727路下行,2059,54110,727,1
2121,727A路上行,54113,16433,727A,2
2122,727A路上行,16433,24646,727A,2
2123,727A路上行,24646,46178,727A,2
2124,727A路上行,46178,46182,727A,2
2125,727A路上行,46182,46217,727A,2
2126,727A路上行,46217,46240,727A,2
2127,727A路上行,46240,45826,727A,2
2128,727A路上行,45826,53401,727A,2
2129,727A路上行,53401,53255,727A,2
2130,727A路上行,53255,54074,727A,1
2131,727A路下行,53055,53400,727A,2
2132,727A路下行,53400,52824,727A,2
2133,727A路下行,52824,46239,727A,2
2134,727A路下行,46239,46218,727A,2
2135,727A路下行,46218,46183,727A,2
2136,727A路下行,46183,46179,727A,2
2137,727A路下行,46179,24645,727A,2
2138,727A路下行,24645,16432,727A,2
2139,727A路下行,16432,2059,727A,2
2140,727A路下行,2059,54110,727A,1
2141,735路上行,61933,52661,735,2
2142,735路上行,52661,52681,735,2
2143,735路上行,52681,52655,735,2
2144,735路上行,52655,52645,735,2
2145,735路上行,52645,52634,735,2
2146,735路上行,52634,52619,735,2
2147,735路上行,52619,52611,735,2
2148,735路上行,52611,52593,735,2
2149,735路上行,52593,54170,735,2
2150,735路上行,54170,54209,735,2
2151,735路上行,54209,26782,735,2
2152,735路上行,26782,17848,735,2
2153,735路上行,17848,17824,735,2
2154,735路上行,17824,17809,735,3
2155,735路上行,17809,24530,735,2
2156,735路上行,24530,24563,735,2
2157,735路上行,24563,24594,735,2
2158,735路上行,24594,24646,735,2
2159,735路上行,24646,24672,735,2
2160,735路上行,24672,45973,735,2
2161,735路上行,45973,45999,735,2
2162,735路上行,45999,46171,735,2
2163,735路上行,46171,46178,735,2
2164,735路上行,46178,46182,735,2
2165,735路上行,46182,46192,735,2
2166,735路上行,46192,46205,735,2
2167,735路上行,46205,46202,735,2
2168,735路上行,46202,46206,735,2
2169,735路上行,46206,46216,735,2
2170,735路上行,46216,46217,735,2
2171,735路上行,46217,46228,735,2
2172,735路上行,46228,54220,735,2
2173,735路上行,54220,45961,735,2
2174,735路上行,45961,45649,735,2
2175,735路上行,45649,54318,735,2
2176,735路上行,54318,54337,735,2
2177,735路上行,54337,54362,735,2
2178,735路上行,54362,54350,735,2
2179,735路上行,54350,53443,735,2
2180,735路上行,53443,53417,735,2
2181,735路上行,53417,53401,735,2
2182,735路上行,53401,53255,735,2
2183,735路上行,53255,53254,735,1
2184,735路下行,53072,53400,735,2
2185,735路下行,53400,53418,735,2
2186,735路下行,53418,53442,735,2
2187,735路下行,53442,54351,735,2
2188,735路下行,54351,54363,735,2
2189,735路下行,54363,54338,735,2
2190,735路下行,54338,54320,735,2
2191,735路下行,54320,45650,735,2
2192,735路下行,45650,45960,735,2
2193,735路下行,45960,54221,735,2
2194,735路下行,54221,46227,735,2
2195,735路下行,46227,46218,735,2
2196,735路下行,46218,46215,735,2
2197,735路下行,46215,46207,735,2
2198,735路下行,46207,46203,735,2
2199,735路下行,46203,46204,735,2
2200,735路下行,46204,46193,735,2
2201,735路下行,46193,46183,735,2
2202,735路下行,46183,46179,735,2
2203,735路下行,46179,46170,735,2
2204,735路下行,46170,46000,735,2
2205,735路下行,46000,45974,735,2
2206,735路下行,45974,24674,735,2
2207,735路下行,24674,24645,735,2
2208,735路下行,24645,24595,735,2
2209,735路下行,24595,24564,735,2
2210,735路下行,24564,24529,735,2
2211,735路下行,24529,17808,735,2
2212,735路下行,17808,17823,735,3
2213,735路下行,17823,20470,735,2
2214,735路下行,20470,20481,735,2
2215,735路下行,20481,54208,735,2
2216,735路下行,54208,17939,735,2
2217,735路下行,17939,52592,735,2
2218,735路下行,52592,52605,735,2
2219,735路下行,52605,52618,735,2
2220,735路下行,52618,52633,735,2
2221,735路下行,52633,52644,735,2
2222,735路下行,52644,52654,735,2
2223,735路下行,52654,52680,735,2
2224,735路下行,52680,52660,735,2
2225,735路下行,52660,6999,735,2
2226,735路下行,6999,61929,735,1
2227,736路上行,97424,97507,736,2
2228,736路上行,97507,60641,736,2
2229,736路上行,60641,26576,736,2
2230,736路上行,26576,26608,736,2
2231,736路上行,26608,26523,736,2
2232,736路上行,26523,52699,736,2
2233,736路上行,52699,52691,736,2
2234,736路上行,52691,52681,736,2
2235,736路上行,52681,52655,736,2
2236,736路上行,52655,52645,736,2
2237,736路上行,52645,52634,736,2
2238,736路上行,52634,52619,736,2
2239,736路上行,52619,52611,736,2
2240,736路上行,52611,52593,736,2
2241,736路上行,52593,18072,736,2
2242,736路上行,18072,52722,736,2
2243,736路上行,52722,52738,736,2
2244,736路上行,52738,52776,736,2
2245,736路上行,52776,52766,736,2
2246,736路上行,52766,52752,736,2
2247,736路上行,52752,24563,736,2
2248,736路上行,24563,24594,736,2
2249,736路上行,24594,24646,736,2
2250,736路上行,24646,24672,736,2
2251,736路上行,24672,24751,736,2
2252,736路上行,24751,24738,736,2
2253,736路上行,24738,52794,736,2
2254,736路上行,52794,46182,736,2
2255,736路上行,46182,46192,736,2
2256,736路上行,46192,46205,736,2
2257,736路上行,46205,46202,736,2
2258,736路上行,46202,46206,736,2
2259,736路上行,46206,46216,736,2
2260,736路上行,46216,46217,736,2
2261,736路上行,46217,46228,736,2
2262,736路上行,46228,46229,736,2
2263,736路上行,46229,46240,736,2
2264,736路上行,46240,45868,736,2
2265,736路上行,45868,45826,736,2
2266,736路上行,45826,52848,736,2
2267,736路上行,52848,53318,736,2
2268,736路上行,53318,53443,736,2
2269,736路上行,53443,53417,736,2
2270,736路上行,53417,53401,736,2
2271,736路上行,53401,53255,736,1
2272,736路上行,53255,53260,736,1
2273,736路下行,53073,53400,736,2
2274,736路下行,53400,53418,736,2
2275,736路下行,53418,53442,736,2
2276,736路下行,53442,53317,736,2
2277,736路下行,53317,52849,736,2
2278,736路下行,52849,52824,736,2
2279,736路下行,52824,45867,736,2
2280,736路下行,45867,46239,736,2
2281,736路下行,46239,46230,736,2
2282,736路下行,46230,46227,736,2
2283,736路下行,46227,46218,736,2
2284,736路下行,46218,46215,736,2
2285,736路下行,46215,46207,736,2
2286,736路下行,46207,46203,736,2
2287,736路下行,46203,46204,736,2
2288,736路下行,46204,46193,736,2
2289,736路下行,46193,46183,736,2
2290,736路下行,46183,52795,736,2
2291,736路下行,52795,24737,736,2
2292,736路下行,24737,24750,736,2
2293,736路下行,24750,24674,736,2
2294,736路下行,24674,24645,736,2
2295,736路下行,24645,24595,736,2
2296,736路下行,24595,24564,736,2
2297,736路下行,24564,52753,736,2
2298,736路下行,52753,52767,736,2
2299,736路下行,52767,52777,736,2
2300,736路下行,52777,52739,736,2
2301,736路下行,52739,52721,736,2
2302,736路下行,52721,52580,736,2
2303,736路下行,52580,52592,736,2
2304,736路下行,52592,52605,736,2
2305,736路下行,52605,52618,736,2
2306,736路下行,52618,52633,736,2
2307,736路下行,52633,52644,736,2
2308,736路下行,52644,52654,736,2
2309,736路下行,52654,52680,736,2
2310,736路下行,52680,52690,736,2
2311,736路下行,52690,52698,736,2
2312,736路下行,52698,26524,736,2
2313,736路下行,26524,26602,736,2
2314,736路下行,26602,60640,736,2
2315,736路下行,60640,97506,736,2
2316,736路下行,97506,97417,736,2
2317,736路下行,97417,97441,736,2
2318,752路上行,106932,107112,752,20
2319,752路上行,107112,114349,752,2
2320,752路上行,114349,107083,752,10
2321,752路上行,107083,107078,752,2
2322,752路上行,107078,107108,752,2
2323,752路上行,107108,99594,752,20
2324,752路上行,99594,114470,752,2
2325,752路下行,114472,99561,752,2
2326,752路下行,99561,99496,752,2
2327,752路下行,99496,107107,752,20
2328,752路下行,107107,107077,752,2
2329,752路下行,107077,107084,752,2
2330,752路下行,107084,114350,752,10
2331,752路下行,114350,107113,752,2
2332,752路下行,107113,107000,752,19
2333,752路下行,107000,107034,752,1
2334,759路上行,106932,107112,759,26
2335,759路上行,107112,114349,759,2
2336,759路上行,114349,98049,759,22
2337,759路上行,98049,98071,759,5
2338,759路上行,98071,98726,759,2
2339,759路上行,98726,818,759,2
2340,759路上行,818,21539,759,1
2341,759路下行,21444,803,759,2
2342,759路下行,803,104283,759,2
2343,759路下行,104283,98048,759,4
2344,759路下行,98048,114350,759,20
2345,759路下行,114350,107113,759,2
2346,759路下行,107113,107000,759,25
2347,759路下行,107000,107035,759,1
2348,G22路上行,21447,23114,G22,10
2349,G22路上行,23114,63023,G22,5
2350,G22路上行,63023,60188,G22,3
2351,G22路上行,60188,62928,G22,4
2352,G22路上行,62928,62906,G22,4
2353,G22路下行,63154,62927,G22,4
2354,G22路下行,62927,63115,G22,3
2355,G22路下行,63115,60186,G22,3
2356,G22路下行,60186,23115,G22,5
2357,G22路下行,23115,98106,G22,5
2358,G22路下行,98106,818,G22,5
2359,G22路下行,818,21540,G22,1
2360,G27路上行,3539,98106,G27,2
2361,G27路上行,98106,59549,G27,2
2362,G27路上行,59549,16116,G27,3
2363,G27路上行,16116,16852,G27,2
2364,G27路上行,16852,99324,G27,1
2365,G27路下行,98707,16115,G27,2
2366,G27路下行,16115,59548,G27,3
2367,G27路下行,59548,98783,G27,3
2368,G27路下行,98783,98309,G27,2
2369,G28路上行,21447,41749,G28,8
2370,G28路下行,62319,56484,G28,4
2371,G28路下行,56484,818,G28,4
2372,G28路下行,818,21540,G28,2
2373,G33路上行,58202,64355,G33,2
2374,G33路上行,64355,60211,G33,2
2375,G33路上行,60211,64159,G33,2
2376,G33路上行,64159,64104,G33,2
2377,G33路上行,64104,63969,G33,2
2378,G33路上行,63969,63740,G33,2
2379,G33路上行,63740,60001,G33,2
2380,G33路上行,60001,62927,G33,2
2381,G33路上行,62927,63115,G33,2
2382,G33路上行,63115,60186,G33,2
2383,G33路上行,60186,27732,G33,2
2384,G33路上行,27732,27680,G33,2
2385,G33路上行,27680,62120,G33,1
2386,G33路下行,62109,27733,G33,2
2387,G33路下行,27733,60188,G33,2
2388,G33路下行,60188,63114,G33,2
2389,G33路下行,63114,62928,G33,2
2390,G33路下行,62928,63739,G33,2
2391,G33路下行,63739,63970,G33,2
2392,G33路下行,63970,64103,G33,2
2393,G33路下行,64103,64160,G33,2
2394,G33路下行,64160,64255,G33,2
2395,G33路下行,64255,60210,G33,2
2396,G33路下行,60210,64356,G33,2
2397,G33路下行,64356,58225,G33,2
2398,G33路下行,58225,58208,G33,1
2399,G35路上行,56812,62462,G35,2
2400,G35路上行,62462,62779,G35,3
2401,G35路上行,62779,62753,G35,2
2402,G35路上行,62753,59760,G35,3
2403,G35路上行,59760,60001,G35,2
2404,G35路上行,60001,60037,G35,3
2405,G35路上行,60037,62906,G35,3
2406,G35路下行,63154,60040,G35,2
2407,G35路下行,60040,60002,G35,3
2408,G35路下行,60002,59761,G35,2
2409,G35路下行,59761,62752,G35,3
2410,G35路下行,62752,62778,G35,2
2411,G35路下行,62778,62463,G35,3
2412,G35路下行,62463,56747,G35,2
2413,G35路下行,56747,56819,G35,1
2414,G37路上行,21459,27120,G37,3
2415,G37路上行,27120,16501,G37,3
2416,G37路上行,16501,17823,G37,3
2417,G37路上行,17823,17826,G37,3
2418,G37路下行,17848,17824,G37,3
2419,G37路下行,17824,98707,G37,3
2420,G37路下行,98707,5425,G37,3
2421,G37路下行,5425,818,G37,2
2422,G37路下行,818,21542,G37,1
2423,G38路上行,103131,104207,G38,2
2424,G38路上行,104207,99648,G38,3
2425,G38路上行,99648,99594,G38,3
2426,G38路上行,99594,98071,G38,3
2427,G38路上行,98071,98726,G38,3
2428,G38路上行,98726,818,G38,2
2429,G38路上行,818,21541,G38,1
2430,G38路下行,21459,803,G38,3
2431,G38路下行,803,104283,G38,2
2432,G38路下行,104283,99589,G38,3
2433,G38路下行,99589,99630,G38,3
2434,G38路下行,99630,104184,G38,3
2435,G38路下行,104184,103125,G38,1
2436,G41路,24273,24737,G41,2
2437,G41路,24737,24750,G41,2
2438,G41路,24750,24674,G41,2
2439,G41路,24674,24645,G41,2
2440,G41路,24645,24595,G41,2
2441,G41路,24595,24564,G41,2
2442,G41路,24564,26070,G41,2
2443,G41路,26070,26145,G41,2
2444,G41路,26145,26140,G41,2
2445,G41路,26140,26131,G41,2
2446,G41路,26131,26197,G41,2
2447,G41路,26197,59567,G41,2
2448,G41路,59567,20552,G41,2
2449,G41路,20552,17823,G41,2
2450,G41路,17823,20470,G41,2
2451,G41路,20470,20224,G41,2
2452,G41路,20224,52766,G41,2
2453,G41路,52766,52752,G41,2
2454,G41路,52752,24563,G41,2
2455,G41路,24563,24594,G41,2
2456,G41路,24594,24646,G41,2
2457,G41路,24646,24672,G41,2
2458,G41路,24672,24751,G41,2
2459,G41路,24751,24738,G41,4
2460,G41路,24738,24298,G41,2
2461,G60路,56670,21964,G60,2
2462,G60路,21964,28845,G60,2
2463,G60路,28845,2128,G60,2
2464,G60路,2128,63061,G60,2
2465,G60路,63061,3780,G60,2
2466,G60路,3780,3606,G60,2
2467,G60路,3606,3585,G60,2
2468,G60路,3585,14621,G60,2
2469,G60路,14621,693,G60,2
2470,G60路,693,719,G60,2
2471,G60路,719,5155,G60,2
2472,G60路,5155,5142,G60,2
2473,G60路,5142,20596,G60,2
2474,G60路,20596,56371,G60,2
2475,G60路,56371,56671,G60,2
2476,G61路,56670,20595,G61,4
2477,G61路,20595,5135,G61,2
2478,G61路,5135,23058,G61,4
2479,G61路,23058,23084,G61,2
2480,G61路,23084,63562,G61,4
2481,G61路,63562,63739,G61,4
2482,G61路,63739,63825,G61,3
2483,G61路,63825,62906,G61,3
2484,G62路,16758,17823,G62,4
2485,G62路,17823,17848,G62,4
2486,G62路,17848,16757,G62,4
2487,G63路上行,62259,26552,G63,4
2488,G63路上行,26552,26576,G63,4
2489,G63路上行,26576,64499,G63,4
2490,G63路上行,64499,60188,G63,4
2491,G63路上行,60188,62928,G63,4
2492,G63路上行,62928,62906,G63,4
2493,G63路下行,63154,62927,G63,4
2494,G63路下行,62927,60186,G63,4
2495,G63路下行,60186,25874,G63,4
2496,G63路下行,25874,26524,G63,4
2497,G63路下行,26524,26602,G63,4
2498,G63路下行,26602,34597,G63,4
2499,G69路,64737,14572,G69,4
2500,G69路,14572,23058,G69,4
2501,G69路,23058,23084,G69,2
2502,G69路,23084,63562,G69,4
2503,G69路,63562,63739,G69,2
2504,G69路,63739,63825,G69,2
2505,G69路,63825,64009,G69,2
2506,G69路,64009,64103,G69,3
2507,G69路,64103,59507,G69,2
2508,G90路上行,53074,46218,G90,4
2509,G90路上行,46218,52795,G90,6
2510,G90路上行,52795,24645,G90,4
2511,G90路上行,24645,16432,G90,6
2512,G90路上行,16432,15343,G90,6
2513,G90路上行,15343,60188,G90,4
2514,G90路上行,60188,60195,G90,6
2515,G90路上行,60195,60201,G90,4
2516,G90路上行,60201,60210,G90,4
2517,G90路上行,60210,58251,G90,4
2518,G90路上行,58251,58225,G90,4
2519,G90路上行,58225,58207,G90,2
2520,G90路下行,58201,58252,G90,6
2521,G90路下行,58252,60211,G90,4
2522,G90路下行,60211,60200,G90,4
2523,G90路下行,60200,60060,G90,4
2524,G90路下行,60060,60186,G90,6
2525,G90路下行,60186,3539,G90,4
2526,G90路下行,3539,16433,G90,6
2527,G90路下行,16433,24646,G90,6
2528,G90路下行,24646,52794,G90,4
2529,G90路下行,52794,46217,G90,6
2530,G90路下行,46217,53255,G90,4
2531,G90路下行,53255,54073,G90,1
2532,G91路上行,7527,56484,G91,4
2533,G91路上行,56484,56545,G91,6
2534,G91路上行,56545,750,G91,10
2535,G91路上行,750,59162,G91,8
2536,G91路上行,59162,57482,G91,2
2537,G91路下行,57729,749,G91,10
2538,G91路下行,749,56546,G91,10
2539,G91路下行,56546,56485,G91,6
2540,G91路下行,56485,98677,G91,4
2541,G95路上行,114518,98310,G95,50
2542,G95路下行,114519,107000,G95,48
2543,G95路下行,107000,107036,G95,2
2544,N4路上行,14497,56077,N4,2
2545,N4路上行,56077,26756,N4,1
2546,N4路上行,26756,26770,N4,1
2547,N4路上行,26770,25577,N4,2
2548,N4路上行,25577,25803,N4,1
2549,N4路上行,25803,25847,N4,2
2550,N4路上行,25847,60763,N4,1
2551,N4路上行,60763,60779,N4,1
2552,N4路上行,60779,61439,N4,2
2553,N4路上行,61439,61454,N4,1
2554,N4路上行,61454,61478,N4,2
2555,N4路上行,61478,61535,N4,1
2556,N4路上行,61535,61561,N4,2
2557,N4路上行,61561,61587,N4,1
2558,N4路上行,61587,62023,N4,2
2559,N4路上行,62023,62194,N4,1
2560,N4路上行,62194,61601,N4,1
2561,N4路上行,61601,61228,N4,2
2562,N4路上行,61228,59148,N4,1
2563,N4路上行,59148,59159,N4,1
2564,N4路上行,59159,59162,N4,1
2565,N4路上行,59162,57488,N4,1
2566,N4路下行,57728,59160,N4,1
2567,N4路下行,59160,59149,N4,1
2568,N4路下行,59149,61229,N4,2
2569,N4路下行,61229,61602,N4,1
2570,N4路下行,61602,62193,N4,2
2571,N4路下行,62193,62024,N4,1
2572,N4路下行,62024,61588,N4,2
2573,N4路下行,61588,61562,N4,1
2574,N4路下行,61562,61534,N4,2
2575,N4路下行,61534,61479,N4,1
2576,N4路下行,61479,61455,N4,2
2577,N4路下行,61455,61440,N4,1
2578,N4路下行,61440,60780,N4,2
2579,N4路下行,60780,60764,N4,2
2580,N4路下行,60764,25874,N4,1
2581,N4路下行,25874,25820,N4,1
2582,N4路下行,25820,25578,N4,1
2583,N4路下行,25578,26771,N4,1
2584,N4路下行,26771,26757,N4,1
2585,N4路下行,26757,56078,N4,2
2586,N4路下行,56078,6999,N4,1
2587,N4路下行,6999,14495,N4,1
2588,N8路,26070,26145,N8,1
2589,N8路,26145,26140,N8,1
2590,N8路,26140,26131,N8,1
2591,N8路,26131,26197,N8,2
2592,N8路,26197,20566,N8,1
2593,N8路,20566,20538,N8,1
2594,N8路,20538,4997,N8,1
2595,N8路,4997,5007,N8,2
2596,N8路,5007,41851,N8,2
2597,N8路,41851,6944,N8,2
2598,N8路,6944,6966,N8,2
2599,N8路,6966,5058,N8,1
2600,N8路,5058,4998,N8,2
2601,N8路,4998,20537,N8,2
2602,N8路,20537,20531,N8,1
2603,N8路,20531,26198,N8,1
2604,N8路,26198,16852,N8,2
2605,N8路,16852,26141,N8,1
2606,N8路,26141,26144,N8,2
2607,N8路,26144,26192,N8,2
2608,N10路,6354,6363,N10,1
2609,N10路,6363,6377,N10,1
2610,N10路,6377,6387,N10,1
2611,N10路,6387,6398,N10,1
2612,N10路,6398,6409,N10,2
2613,N10路,6409,3662,N10,1
2614,N10路,3662,3779,N10,1
2615,N10路,3779,6719,N10,2
2616,N10路,6719,2121,N10,2
2617,N10路,2121,2229,N10,1
2618,N10路,2229,3639,N10,1
2619,N10路,3639,6408,N10,2
2620,N10路,6408,6401,N10,2
2621,N10路,6401,6388,N10,1
2622,N10路,6388,6378,N10,2
2623,N10路,6378,6362,N10,1
2624,N10路,6362,6420,N10,2
2625,N11路上行,21444,803,N11,1
2626,N11路上行,803,98730,N11,1
2627,N11路上行,98730,17742,N11,1
2628,N11路上行,17742,17760,N11,1
2629,N11路上行,17760,16148,N11,2
2630,N11路上行,16148,16134,N11,1
2631,N11路上行,16134,16116,N11,1
2632,N11路上行,16116,16078,N11,1
2633,N11路上行,16078,16501,N11,1
2634,N11路上行,16501,16483,N11,2
2635,N11路上行,16483,16418,N11,1
2636,N11路上行,16418,16432,N11,1
2637,N11路上行,16432,2073,N11,1
2638,N11路上行,2073,2725,N11,2
2639,N11路上行,2725,2800,N11,1
2640,N11路上行,2800,6855,N11,1
2641,N11路上行,6855,6901,N11,2
2642,N11路上行,6901,6854,N11,1
2643,N11路上行,6854,6818,N11,1
2644,N11路上行,6818,6787,N11,1
2645,N11路上行,6787,6999,N11,1
2646,N11路上行,6999,6997,N11,1
2647,N11路下行,6996,6788,N11,1
2648,N11路下行,6788,6819,N11,1
2649,N11路下行,6819,6884,N11,1
2650,N11路下行,6884,6899,N11,1
2651,N11路下行,6899,6856,N11,2
2652,N11路下行,6856,2806,N11,1
2653,N11路下行,2806,2734,N11,1
2654,N11路下行,2734,2074,N11,2
2655,N11路下行,2074,16433,N11,1
2656,N11路下行,16433,16419,N11,2
2657,N11路下行,16419,16482,N11,1
2658,N11路下行,16482,16500,N11,2
2659,N11路下行,16500,16077,N11,1
2660,N11路下行,16077,16115,N11,1
2661,N11路下行,16115,16147,N11,2
2662,N11路下行,16147,17763,N11,1
2663,N11路下行,17763,17743,N11,1
2664,N11路下行,17743,787,N11,1
2665,N11路下行,787,811,N11,1
2666,N11路下行,811,818,N11,1
2667,N11路下行,818,21541,N11,1
2668,N12路上行,21447,803,N12,1
2669,N12路上行,803,98730,N12,1
2670,N12路上行,98730,14214,N12,1
2671,N12路上行,14214,761,N12,1
2672,N12路上行,761,750,N12,1
2673,N12路上行,750,744,N12,1
2674,N12路上行,744,730,N12,1
2675,N12路上行,730,98783,N12,2
2676,N12路上行,98783,1104,N12,1
2677,N12路上行,1104,1148,N12,1
2678,N12路上行,1148,3654,N12,1
2679,N12路上行,3654,15343,N12,1
2680,N12路上行,15343,14571,N12,1
2681,N12路上行,14571,26792,N12,1
2682,N12路上行,26792,26919,N12,1
2683,N12路上行,26919,26940,N12,1
2684,N12路上行,26940,26955,N12,1
2685,N12路上行,26955,26976,N12,2
2686,N12路上行,26976,27164,N12,1
2687,N12路上行,27164,25596,N12,1
2688,N12路上行,25596,25577,N12,2
2689,N12路上行,25577,27134,N12,1
2690,N12路上行,27134,6999,N12,2
2691,N12路上行,6999,7384,N12,1
2692,N12路下行,7386,27145,N12,2
2693,N12路下行,27145,25578,N12,1
2694,N12路下行,25578,25595,N12,1
2695,N12路下行,25595,27163,N12,1
2696,N12路下行,27163,26973,N12,1
2697,N12路下行,26973,26958,N12,2
2698,N12路下行,26958,26941,N12,1
2699,N12路下行,26941,26920,N12,1
2700,N12路下行,26920,26793,N12,1
2701,N12路下行,26793,14572,N12,1
2702,N12路下行,14572,3539,N12,2
2703,N12路下行,3539,1129,N12,1
2704,N12路下行,1129,1154,N12,1
2705,N12路下行,1154,1105,N12,1
2706,N12路下行,1105,693,N12,1
2707,N12路下行,693,719,N12,2
2708,N12路下行,719,736,N12,1
2709,N12路下行,736,749,N12,1
2710,N12路下行,749,764,N12,1
2711,N12路下行,764,779,N12,1
2712,N12路下行,779,787,N12,1
2713,N12路下行,787,811,N12,1
2714,N12路下行,811,818,N12,1
2715,N12路下行,818,21542,N12,1
2716,N19路上行,5027,5214,N19,1
2717,N19路上行,5214,5167,N19,1
2718,N19路上行,5167,5204,N19,1
2719,N19路上行,5204,5183,N19,1
2720,N19路上行,5183,750,N19,1
2721,N19路上行,750,744,N19,1
2722,N19路上行,744,730,N19,1
2723,N19路上行,730,98783,N19,2
2724,N19路上行,98783,14622,N19,2
2725,N19路上行,14622,3584,N19,1
2726,N19路上行,3584,3600,N19,1
2727,N19路上行,3600,3612,N19,2
2728,N19路上行,3612,3662,N19,1
2729,N19路上行,3662,6562,N19,1
2730,N19路上行,6562,23521,N19,1
2731,N19路上行,23521,23469,N19,1
2732,N19路上行,23469,23840,N19,1
2733,N19路下行,23850,23851,N19,1
2734,N19路下行,23851,23470,N19,1
2735,N19路下行,23470,23520,N19,1
2736,N19路下行,23520,6565,N19,1
2737,N19路下行,6565,3660,N19,2
2738,N19路下行,3660,3647,N19,1
2739,N19路下行,3647,3606,N19,1
2740,N19路下行,3606,3585,N19,1
2741,N19路下行,3585,14621,N19,1
2742,N19路下行,14621,693,N19,1
2743,N19路下行,693,719,N19,2
2744,N19路下行,719,736,N19,1
2745,N19路下行,736,749,N19,2
2746,N19路下行,749,5181,N19,1
2747,N19路下行,5181,5197,N19,1
2748,N19路下行,5197,5168,N19,1
2749,N19路下行,5168,5023,N19,1
2750,N20路上行,34661,26552,N20,1
2751,N20路上行,26552,26576,N20,1
2752,N20路上行,26576,26608,N20,1
2753,N20路上行,26608,26523,N20,2
2754,N20路上行,26523,52699,N20,1
2755,N20路上行,52699,52691,N20,2
2756,N20路上行,52691,52681,N20,1
2757,N20路上行,52681,52655,N20,1
2758,N20路上行,52655,52645,N20,1
2759,N20路上行,52645,52634,N20,1
2760,N20路上行,52634,52619,N20,1
2761,N20路上行,52619,52611,N20,1
2762,N20路上行,52611,18072,N20,2
2763,N20路上行,18072,18079,N20,1
2764,N20路上行,18079,26782,N20,1
2765,N20路上行,26782,20224,N20,1
2766,N20路上行,20224,20218,N20,1
2767,N20路上行,20218,20206,N20,1
2768,N20路上行,20206,20190,N20,1
2769,N20路上行,20190,20260,N20,1
2770,N20路下行,20259,20156,N20,1
2771,N20路下行,20156,20189,N20,1
2772,N20路下行,20189,20205,N20,1
2773,N20路下行,20205,20217,N20,1
2774,N20路下行,20217,20223,N20,1
2775,N20路下行,20223,20481,N20,1
2776,N20路下行,20481,54208,N20,2
2777,N20路下行,54208,17939,N20,1
2778,N20路下行,17939,52592,N20,1
2779,N20路下行,52592,52605,N20,2
2780,N20路下行,52605,52618,N20,1
2781,N20路下行,52618,52633,N20,1
2782,N20路下行,52633,52644,N20,1
2783,N20路下行,52644,52654,N20,1
2784,N20路下行,52654,52680,N20,1
2785,N20路下行,52680,52690,N20,2
2786,N20路下行,52690,52698,N20,1
2787,N20路下行,52698,26524,N20,2
2788,N20路下行,26524,26602,N20,1
2789,N20路下行,26602,26585,N20,1
2790,N20路下行,26585,26564,N20,1
2791,N20路下行,26564,34595,N20,1
2792,N22路上行,2827,2073,N22,1
2793,N22路上行,2073,3809,N22,1
2794,N22路上行,3809,44928,N22,1
2795,N22路上行,44928,23851,N22,1
2796,N22路上行,23851,62250,N22,1
2797,N22路上行,62250,25719,N22,1
2798,N22路上行,25719,25729,N22,1
2799,N22路上行,25729,25785,N22,1
2800,N22路上行,25785,25596,N22,1
2801,N22路上行,25596,25577,N22,2
2802,N22路上行,25577,26273,N22,1
2803,N22路上行,26273,26524,N22,1
2804,N22路上行,26524,26602,N22,1
2805,N22路上行,26602,26585,N22,1
2806,N22路上行,26585,26564,N22,1
2807,N22路上行,26564,34596,N22,1
2808,N22路下行,34662,26552,N22,1
2809,N22路下行,26552,26576,N22,1
2810,N22路下行,26576,26608,N22,1
2811,N22路下行,26608,26523,N22,1
2812,N22路下行,26523,26272,N22,1
2813,N22路下行,26272,25578,N22,1
2814,N22路下行,25578,25595,N22,1
2815,N22路下行,25595,25786,N22,1
2816,N22路下行,25786,25734,N22,1
2817,N22路下行,25734,25720,N22,1
2818,N22路下行,25720,25704,N22,1
2819,N22路下行,25704,3810,N22,2
2820,N22路下行,3810,2074,N22,2
2821,N22路下行,2074,2070,N22,1
2822,N25路上行,2708,2766,N25,1
2823,N25路上行,2766,2777,N25,1
2824,N25路上行,2777,2741,N25,1
2825,N25路上行,2741,2806,N25,2
2826,N25路上行,2806,2734,N25,1
2827,N25路上行,2734,2094,N25,1
2828,N25路上行,2094,2104,N25,2
2829,N25路上行,2104,2121,N25,1
2830,N25路上行,2121,28842,N25,1
2831,N25路上行,28842,28847,N25,1
2832,N25路上行,28847,28140,N25,1
2833,N25路上行,28140,5135,N25,1
2834,N25路上行,5135,5149,N25,2
2835,N25路上行,5149,23584,N25,1
2836,N25路上行,23584,14690,N25,1
2837,N25路上行,14690,14707,N25,2
2838,N25路上行,14707,14742,N25,1
2839,N25路上行,14742,15287,N25,1
2840,N25路上行,15287,41807,N25,1
2841,N25路上行,41807,15198,N25,2
2842,N25路上行,15198,15238,N25,2
2843,N25路上行,15238,15075,N25,1
2844,N25路上行,15075,15034,N25,1
2845,N25路上行,15034,14881,N25,1
2846,N25路下行,14880,15035,N25,1
2847,N25路下行,15035,15074,N25,1
2848,N25路下行,15074,15237,N25,1
2849,N25路下行,15237,15199,N25,2
2850,N25路下行,15199,41808,N25,2
2851,N25路下行,41808,15288,N25,1
2852,N25路下行,15288,14744,N25,2
2853,N25路下行,14744,14708,N25,1
2854,N25路下行,14708,14689,N25,2
2855,N25路下行,14689,23585,N25,2
2856,N25路下行,23585,5155,N25,1
2857,N25路下行,5155,5142,N25,1
2858,N25路下行,5142,28139,N25,1
2859,N25路下行,28139,28848,N25,1
2860,N25路下行,28848,28845,N25,1
2861,N25路下行,28845,2128,N25,1
2862,N25路下行,2128,2141,N25,1
2863,N25路下行,2141,2134,N25,2
2864,N25路下行,2134,2725,N25,1
2865,N25路下行,2725,2800,N25,1
2866,N25路下行,2800,2758,N25,1
2867,N25路下行,2758,2788,N25,1
2868,N25路下行,2788,2769,N25,1
2869,N25路下行,2769,2714,N25,1
2870,N26路上行,57728,59160,N26,1
2871,N26路上行,59160,59149,N26,1
2872,N26路上行,59149,64388,N26,1
2873,N26路上行,64388,61998,N26,1
2874,N26路上行,61998,62049,N26,1
2875,N26路上行,62049,62077,N26,2
2876,N26路上行,62077,64509,N26,1
2877,N26路上行,64509,64499,N26,1
2878,N26路上行,64499,63013,N26,1
2879,N26路上行,63013,63562,N26,1
2880,N26路上行,63562,63602,N26,1
2881,N26路上行,63602,63674,N26,1
2882,N26路上行,63674,63712,N26,1
2883,N26路上行,63712,60001,N26,2
2884,N26路上行,60001,60037,N26,1
2885,N26路上行,60037,60053,N26,1
2886,N26路上行,60053,60195,N26,2
2887,N26路上行,60195,64677,N26,1
2888,N26路上行,64677,64666,N26,1
2889,N26路上行,64666,64656,N26,1
2890,N26路上行,64656,64646,N26,1
2891,N26路上行,64646,64636,N26,1
2892,N26路上行,64636,60201,N26,1
2893,N26路上行,60201,60210,N26,1
2894,N26路上行,60210,64367,N26,2
2895,N26路上行,64367,64356,N26,1
2896,N26路上行,64356,58251,N26,2
2897,N26路上行,58251,58225,N26,2
2898,N26路上行,58225,58209,N26,1
2899,N26路下行,58203,58252,N26,1
2900,N26路下行,58252,64355,N26,2
2901,N26路下行,64355,64366,N26,1
2902,N26路下行,64366,60211,N26,1
2903,N26路下行,60211,60200,N26,1
2904,N26路下行,60200,64635,N26,1
2905,N26路下行,64635,64645,N26,1
2906,N26路下行,64645,64655,N26,2
2907,N26路下行,64655,64665,N26,1
2908,N26路下行,64665,64675,N26,1
2909,N26路下行,64675,60060,N26,1
2910,N26路下行,60060,60052,N26,1
2911,N26路下行,60052,60040,N26,2
2912,N26路下行,60040,60002,N26,1
2913,N26路下行,60002,63713,N26,1
2914,N26路下行,63713,63673,N26,1
2915,N26路下行,63673,63601,N26,1
2916,N26路下行,63601,63563,N26,2
2917,N26路下行,63563,63012,N26,1
2918,N26路下行,63012,64498,N26,1
2919,N26路下行,64498,64508,N26,2
2920,N26路下行,64508,62076,N26,1
2921,N26路下行,62076,62050,N26,2
2922,N26路下行,62050,62011,N26,1
2923,N26路下行,62011,64389,N26,1
2924,N26路下行,64389,59148,N26,1
2925,N26路下行,59148,59159,N26,1
2926,N26路下行,59159,59162,N26,1
2927,N26路下行,59162,57481,N26,1
2928,N31路上行,53460,53400,N31,1
2929,N31路上行,53400,53418,N31,1
2930,N31路上行,53418,53442,N31,2
2931,N31路上行,53442,53317,N31,1
2932,N31路上行,53317,52849,N31,1
2933,N31路上行,52849,52824,N31,1
2934,N31路上行,52824,45867,N31,1
2935,N31路上行,45867,46239,N31,1
2936,N31路上行,46239,46230,N31,2
2937,N31路上行,46230,46227,N31,1
2938,N31路上行,46227,46218,N31,1
2939,N31路上行,46218,46215,N31,1
2940,N31路上行,46215,46207,N31,1
2941,N31路上行,46207,46203,N31,1
2942,N31路上行,46203,46204,N31,1
2943,N31路上行,46204,46193,N31,1
2944,N31路上行,46193,46183,N31,2
2945,N31路上行,46183,46179,N31,2
2946,N31路上行,46179,46170,N31,1
2947,N31路上行,46170,46000,N31,1
2948,N31路上行,46000,45974,N31,1
2949,N31路上行,45974,24674,N31,1
2950,N31路上行,24674,24645,N31,1
2951,N31路上行,24645,24595,N31,1
2952,N31路上行,24595,24564,N31,1
2953,N31路上行,24564,24529,N31,2
2954,N31路上行,24529,16418,N31,1
2955,N31路上行,16418,16432,N31,1
2956,N31路上行,16432,2814,N31,1
2957,N31路下行,2058,16433,N31,1
2958,N31路下行,16433,16419,N31,2
2959,N31路下行,16419,24530,N31,1
2960,N31路下行,24530,24563,N31,2
2961,N31路下行,24563,24594,N31,1
2962,N31路下行,24594,24646,N31,1
2963,N31路下行,24646,24672,N31,1
2964,N31路下行,24672,45973,N31,1
2965,N31路下行,45973,45999,N31,1
2966,N31路下行,45999,46171,N31,1
2967,N31路下行,46171,46178,N31,1
2968,N31路下行,46178,46182,N31,2
2969,N31路下行,46182,46192,N31,1
2970,N31路下行,46192,46205,N31,1
2971,N31路下行,46205,46202,N31,1
2972,N31路下行,46202,46206,N31,2
2973,N31路下行,46206,46216,N31,1
2974,N31路下行,46216,46217,N31,1
2975,N31路下行,46217,46228,N31,1
2976,N31路下行,46228,46229,N31,1
2977,N31路下行,46229,46240,N31,1
2978,N31路下行,46240,45868,N31,1
2979,N31路下行,45868,45826,N31,1
2980,N31路下行,45826,52848,N31,1
2981,N31路下行,52848,53318,N31,1
2982,N31路下行,53318,53443,N31,2
2983,N31路下行,53443,53417,N31,1
2984,N31路下行,53417,53401,N31,1
2985,N31路下行,53401,55729,N31,1
2986,K1路上行,5027,7217,K1,2
2987,K1路上行,7217,7232,K1,1
2988,K1路上行,7232,7245,K1,1
2989,K1路上行,7245,7259,K1,1
2990,K1路上行,7259,7273,K1,1
2991,K1路上行,7273,7289,K1,1
2992,K1路上行,7289,7303,K1,1
2993,K1路上行,7303,7316,K1,1
2994,K1路上行,7316,7398,K1,2
2995,K1路上行,7398,7328,K1,1
2996,K1路上行,7328,7342,K1,1
2997,K1路上行,7342,7367,K1,2
2998,K1路上行,7367,7369,K1,2
2999,K1路上行,7369,6999,K1,2
3000,K1路上行,6999,6997,K1,1
3001,K1路下行,6996,7370,K1,2
3002,K1路下行,7370,7368,K1,2
3003,K1路下行,7368,7343,K1,2
3004,K1路下行,7343,7329,K1,1
3005,K1路下行,7329,7399,K1,1
3006,K1路下行,7399,7317,K1,1
3007,K1路下行,7317,7304,K1,1
3008,K1路下行,7304,7290,K1,1
3009,K1路下行,7290,7274,K1,1
3010,K1路下行,7274,7260,K1,2
3011,K1路下行,7260,7246,K1,1
3012,K1路下行,7246,7233,K1,1
3013,K1路下行,7233,7223,K1,2
3014,K1路下行,7223,98777,K1,2
3015,K2路上行,7386,64838,K2,2
3016,K2路上行,64838,64826,K2,2
3017,K2路上行,64826,64815,K2,1
3018,K2路上行,64815,64805,K2,1
3019,K2路上行,64805,64792,K2,1
3020,K2路上行,64792,64783,K2,1
3021,K2路上行,64783,64770,K2,1
3022,K2路上行,64770,64757,K2,1
3023,K2路上行,64757,59148,K2,2
3024,K2路上行,59148,59159,K2,2
3025,K2路上行,59159,59162,K2,1
3026,K2路上行,59162,57487,K2,1
3027,K2路下行,57729,59160,K2,2
3028,K2路下行,59160,59149,K2,2
3029,K2路下行,59149,64758,K2,2
3030,K2路下行,64758,64771,K2,1
3031,K2路下行,64771,64782,K2,1
3032,K2路下行,64782,64795,K2,1
3033,K2路下行,64795,64804,K2,1
3034,K2路下行,64804,64816,K2,1
3035,K2路下行,64816,64827,K2,2
3036,K2路下行,64827,64839,K2,2
3037,K2路下行,64839,6999,K2,1
3038,K2路下行,6999,7384,K2,1
3039,K4路上行,99947,100125,K4,2
3040,K4路上行,100125,100163,K4,2
3041,K4路上行,100163,100180,K4,1
3042,K4路上行,100180,100165,K4,2
3043,K4路上行,100165,7217,K4,1
3044,K4路上行,7217,7232,K4,1
3045,K4路上行,7232,7245,K4,1
3046,K4路上行,7245,7259,K4,1
3047,K4路上行,7259,100201,K4,2
3048,K4路上行,100201,3654,K4,2
3049,K4路上行,3654,98308,K4,2
3050,K4路下行,3539,1129,K4,2
3051,K4路下行,1129,98784,K4,2
3052,K4路下行,98784,7260,K4,2
3053,K4路下行,7260,7246,K4,1
3054,K4路下行,7246,7233,K4,1
3055,K4路下行,7233,7223,K4,1
3056,K4路下行,7223,100170,K4,1
3057,K4路下行,100170,100179,K4,2
3058,K4路下行,100179,100164,K4,2
3059,K4路下行,100164,100126,K4,2
3060,K4路下行,100126,99916,K4,2
3061,K5路上行,57725,59160,K5,2
3062,K5路上行,59160,59149,K5,2
3063,K5路上行,59149,63125,K5,2
3064,K5路上行,63125,63136,K5,2
3065,K5路上行,63136,63145,K5,2
3066,K5路上行,63145,58529,K5,2
3067,K5路上行,58529,58546,K5,2
3068,K5路上行,58546,58562,K5,2
3069,K5路上行,58562,58642,K5,2
3070,K5路上行,58642,58747,K5,2
3071,K5路上行,58747,58997,K5,1
3072,K5路上行,58997,59011,K5,2
3073,K5路上行,59011,59049,K5,1
3074,K5路上行,59049,59065,K5,1
3075,K5路上行,59065,59084,K5,2
3076,K5路上行,59084,59095,K5,2
3077,K5路上行,59095,59105,K5,1
3078,K5路上行,59105,58481,K5,1
3079,K5路上行,58481,58400,K5,1
3080,K5路上行,58400,58434,K5,2
3081,K5路上行,58434,58335,K5,1
3082,K5路上行,58335,58290,K5,1
3083,K5路上行,58290,58251,K5,2
3084,K5路上行,58251,58225,K5,1
3085,K5路上行,58225,58211,K5,1
3086,K5路下行,58205,58252,K5,2
3087,K5路下行,58252,58289,K5,2
3088,K5路下行,58289,58334,K5,1
3089,K5路下行,58334,58435,K5,2
3090,K5路下行,58435,58401,K5,1
3091,K5路下行,58401,58480,K5,2
3092,K5路下行,58480,59106,K5,1
3093,K5路下行,59106,59094,K5,2
3094,K5路下行,59094,59085,K5,1
3095,K5路下行,59085,59066,K5,2
3096,K5路下行,59066,59050,K5,1
3097,K5路下行,59050,59012,K5,1
3098,K5路下行,59012,58998,K5,1
3099,K5路下行,58998,58746,K5,1
3100,K5路下行,58746,58643,K5,2
3101,K5路下行,58643,58563,K5,2
3102,K5路下行,58563,58547,K5,2
3103,K5路下行,58547,58530,K5,2
3104,K5路下行,58530,63146,K5,2
3105,K5路下行,63146,63135,K5,2
3106,K5路下行,63135,63126,K5,2
3107,K5路下行,63126,59148,K5,1
3108,K5路下行,59148,59159,K5,2
3109,K5路下行,59159,59162,K5,2
3110,K5路下行,59162,57478,K5,1
3111,K6路上行,57725,59160,K6,2
3112,K6路上行,59160,59149,K6,2
3113,K6路上行,59149,63125,K6,2
3114,K6路上行,63125,63136,K6,1
3115,K6路上行,63136,63145,K6,1
3116,K6路上行,63145,58529,K6,2
3117,K6路上行,58529,58546,K6,1
3118,K6路上行,58546,58562,K6,2
3119,K6路上行,58562,58642,K6,1
3120,K6路上行,58642,58747,K6,2
3121,K6路上行,58747,58997,K6,1
3122,K6路上行,58997,59011,K6,1
3123,K6路上行,59011,59049,K6,2
3124,K6路上行,59049,59065,K6,1
3125,K6路上行,59065,59084,K6,2
3126,K6路上行,59084,59095,K6,2
3127,K6路上行,59095,59105,K6,1
3128,K6路上行,59105,58481,K6,1
3129,K6路上行,58481,58400,K6,1
3130,K6路上行,58400,63213,K6,2
3131,K6路上行,63213,59508,K6,2
3132,K6路下行,59509,63214,K6,2
3133,K6路下行,63214,58401,K6,2
3134,K6路下行,58401,58480,K6,2
3135,K6路下行,58480,59106,K6,1
3136,K6路下行,59106,59094,K6,2
3137,K6路下行,59094,59085,K6,1
3138,K6路下行,59085,59066,K6,1
3139,K6路下行,59066,59050,K6,1
3140,K6路下行,59050,59012,K6,2
3141,K6路下行,59012,58998,K6,2
3142,K6路下行,58998,58746,K6,1
3143,K6路下行,58746,58643,K6,1
3144,K6路下行,58643,58563,K6,2
3145,K6路下行,58563,58547,K6,2
3146,K6路下行,58547,58530,K6,1
3147,K6路下行,58530,63146,K6,2
3148,K6路下行,63146,63135,K6,1
3149,K6路下行,63135,63126,K6,2
3150,K6路下行,63126,59148,K6,2
3151,K6路下行,59148,59159,K6,2
3152,K6路下行,59159,59162,K6,2
3153,K6路下行,59162,57479,K6,1
3154,K9路上行,99947,99630,K9,2
3155,K9路上行,99630,99688,K9,2
3156,K9路上行,99688,102890,K9,1
3157,K9路上行,102890,102896,K9,1
3158,K9路上行,102896,100282,K9,1
3159,K9路上行,100282,102906,K9,1
3160,K9路上行,102906,101530,K9,1
3161,K9路上行,101530,102926,K9,1
3162,K9路上行,102926,101522,K9,2
3163,K9路上行,101522,102942,K9,2
3164,K9路上行,102942,102949,K9,1
3165,K9路上行,102949,101488,K9,2
3166,K9路上行,101488,102968,K9,4
3167,K9路上行,102968,100676,K9,2
3168,K9路上行,100676,100653,K9,2
3169,K9路下行,100655,100677,K9,2
3170,K9路下行,100677,102969,K9,2
3171,K9路下行,102969,101489,K9,1
3172,K9路下行,101489,103203,K9,1
3173,K9路下行,103203,103211,K9,1
3174,K9路下行,103211,102935,K9,2
3175,K9路下行,102935,102927,K9,1
3176,K9路下行,102927,101532,K9,1
3177,K9路下行,101532,102907,K9,1
3178,K9路下行,102907,100283,K9,1
3179,K9路下行,100283,102895,K9,1
3180,K9路下行,102895,102889,K9,2
3181,K9路下行,102889,99687,K9,2
3182,K9路下行,99687,99648,K9,4
3183,K9路下行,99648,99917,K9,2
3184,K11路上行,60932,60884,K11,2
3185,K11路上行,60884,60854,K11,2
3186,K11路上行,60854,60823,K11,1
3187,K11路上行,60823,60796,K11,1
3188,K11路上行,60796,64792,K11,1
3189,K11路上行,64792,64783,K11,1
3190,K11路上行,64783,64770,K11,1
3191,K11路上行,64770,64757,K11,1
3192,K11路上行,64757,63125,K11,1
3193,K11路上行,63125,63136,K11,2
3194,K11路上行,63136,63145,K11,2
3195,K11路上行,63145,23351,K11,2
3196,K11路上行,23351,27680,K11,1
3197,K11路上行,27680,62119,K11,1
3198,K11路下行,62108,63146,K11,2
3199,K11路下行,63146,63135,K11,2
3200,K11路下行,63135,63126,K11,2
3201,K11路下行,63126,64758,K11,1
3202,K11路下行,64758,64771,K11,1
3203,K11路下行,64771,64782,K11,1
3204,K11路下行,64782,64795,K11,1
3205,K11路下行,64795,60795,K11,2
3206,K11路下行,60795,60822,K11,1
3207,K11路下行,60822,60853,K11,1
3208,K11路下行,60853,60883,K11,2
3209,K11路下行,60883,60903,K11,2
